Tiempo (min),LWC (g/m3),Cn(P/cm3),0.104,0.111,0.12,0.129,0.138,0.149,0.16,0.172,0.184,0.198,0.213,0.229,0.246,0.264,0.284,0.305,0.328,0.352,0.379,0.407,0.437,0.47,0.505,0.543,0.583,0.627,0.674,0.724,0.778,0.836,0.898,0.965,1.037,1.115,1.198,1.287,1.383,1.486,1.597,1.717,1.845,1.982,2.13,2.289,2.46,2.643,2.841,3.053,3.28,3.525,3.788,4.071,4.374,4.701,5.051,5.428,5.833,6.268,6.736,7.239,7.779,8.359,8.983,9.653,10.373,11.147,11.979,12.872,13.833,14.865,15.974,17.165,18.446,Visibilidad (m),Visibilidad corregida (m)
1,0.010684,107.548,0,0,0,0,0,0,0,0,0,0,0,0,0,0,0,0,0,0,0.0657,0.567,1.5006,2.6735,3.0071,4.2223,3.6851,3.7337,3.2387,3.4862,3.6303,3.0804,2.9786,3.3689,2.4906,2.4471,2.22,1.5342,1.2255,1.3231,0.9792,0.907,0.7582,0.6471,0.4752,0.8044,0.8034,0.9632,1.2833,1.1504,1.0593,1.3426,1.8544,1.3607,2.1304,1.8927,2.7556,3.3793,3.6162,4.266,3.3084,3.2355,4.2317,3.9002,3.2908,2.5607,2.1975,0.9524,0.6422,0.1651,0.0781,0.0389,0.0387,0,0,40,40
2,0.023588,116.923,0,0,0,0,0,0,0,0,0,0,0,0,0,0,0,0,0,0,0,0.5881,1.4163,2.0194,2.0823,2.9034,2.7243,2.0258,1.8725,1.5081,1.7385,1.6126,1.1128,0.9265,0.5446,0.7573,0.6489,0.3808,0.6143,0.5467,0.2518,0.5062,0.3597,0.343,0.4076,0.2753,0.5562,0.9638,0.9918,1.3593,1.1914,1.5662,1.952,2.4758,2.5242,3.3391,3.2745,4.6733,5.6539,5.9896,5.5784,6.5851,7.1521,7.3987,6.5832,5.9013,5.4572,4.2294,2.3847,0.7751,0.1608,0.0392,0,0,0,40,40
3,0.018403,101.478,0,0,0,0,0,0,0,0,0,0,0,0,0,0,0,0,0,0,0,0.3917,1.1244,1.7909,2.5705,2.4907,2.1937,2.1067,2.0822,1.4662,1.2947,0.9195,0.8788,0.6528,0.749,0.6747,0.6576,0.2526,0.3351,0.3102,0.296,0.1974,0.3991,0.4804,0.5696,0.6161,0.5839,0.7837,0.6294,1.0471,1.2009,1.468,2.2397,2.1704,2.7843,3.4985,4.0966,4.7643,5.4198,5.4064,4.8607,4.7394,5.9335,5.2245,4.714,4.8177,4.1971,3.2767,1.333,0.4293,0.2141,0.1049,0.0392,0,0,40,40
4,0.02081,116.791,0,0,0,0,0,0,0,0,0,0,0,0,0,0,0,0,0,0,0,0.4628,0.8674,1.5641,2.2422,2.0552,1.9678,1.7808,1.3746,1.6129,1.3553,0.9142,1.0454,0.5858,0.8004,0.4899,0.6548,0.4773,0.3528,0.419,0.3855,0.5152,0.4031,0.3981,0.4784,0.4802,0.4753,1.1802,1.1322,1.2289,1.6337,2.0926,2.4074,3.2307,3.9965,4.9027,5.8005,5.7155,6.3202,7.5069,6.5737,6.1584,5.7345,5.3241,5.9494,5.3805,5.1376,3.1877,1.3198,0.4578,0.169,0.0523,0,0.0388,0,40,40
5,0.017778,94.716,0,0,0,0,0,0,0,0,0,0,0,0,0,0,0,0,0,0,0,0.2125,0.9164,0.941,1.4253,1.6326,1.7275,1.8383,1.0725,0.6731,0.9192,0.6883,0.8187,0.4491,0.364,0.4073,0.3186,0.1377,0.3175,0.6344,0.2066,0.1964,0.1821,0.3273,0.3726,0.4326,0.3893,0.694,0.784,1.0387,1.5181,1.9287,1.9472,2.2055,2.8868,3.6886,3.7578,4.7917,5.2594,5.8067,5.4886,5.0982,6.0882,5.0822,5.5145,5.4102,4.1893,2.5578,1.0557,0.2454,0,0.0784,0,0,0,40,40
6,0.013609,97.897,0,0,0,0,0,0,0,0,0,0,0,0,0,0,0,0,0,0,0,0.5983,0.8981,1.1376,2.0365,2.0289,1.5961,1.3443,1.1371,1.075,1.0742,0.7899,1.2759,0.8754,0.5132,0.9422,0.3149,0.678,0.551,0.7086,0.7527,0.6654,0.461,0.7291,0.5913,0.7555,1.0141,1.0467,1.4546,2.3931,1.7418,2.1399,2.717,2.9728,3.8922,4.6626,4.246,5.6011,4.71,5.0317,4.1131,4.4456,4.6867,4.1231,4.1262,3.7601,3.4666,1.4742,0.416,0.0919,0,0.0396,0,0,0,40,40
7,0.029198,161.332,0,0,0,0,0,0,0,0,0,0,0,0,0,0,0,0,0,0,0.0426,0.5217,1.6439,1.8523,2.3487,2.2494,2.099,1.8202,1.7351,1.5912,0.963,0.6538,0.6377,0.8699,0.4674,0.5308,0.4886,0.7098,0.8438,0.6122,0.573,0.7519,0.7741,1.0107,0.9053,1.0598,1.3152,1.5043,2.446,2.5317,2.9458,4.1007,3.6171,4.2737,6.0045,6.5594,7.2282,7.0718,9.2243,8.8123,9.6808,7.8725,8.486,9.2735,8.9089,8.0857,6.5313,4.4933,1.979,0.448,0.1021,0.04,0.0398,0,0,40,50
8,0.015271,124.373,0,0,0,0,0,0,0,0,0,0,0,0,0,0,0,0,0,0,0,0.6353,1.9175,2.1187,2.8055,3.1899,3.1564,3.0759,3.0511,2.8505,1.8665,1.9055,2.4562,2.139,1.6881,1.8341,1.5253,1.1801,1.387,1.2006,1.037,1.5148,0.9971,0.7704,0.919,1.6002,1.6933,1.5731,1.5882,2.5111,2.6603,3.1422,3.2602,4.1265,3.6664,4.0565,4.3105,4.7147,4.794,4.0799,4.0781,4.2039,4.1844,4.0127,3.48,3.1684,3.2952,2.7188,1.5546,0.5403,0.0606,0.0389,0.0391,0,0,50,40
9,0.019864,182.674,0,0,0,0,0,0,0,0,0,0,0,0,0,0,0,0,0,0,0,0.934,2.7878,4.3372,4.8025,5.7749,5.2667,5.3925,4.5178,3.9784,4.0333,4.0093,3.3537,3.179,3.151,2.932,2.7456,1.7775,2.062,1.8874,1.7434,1.4185,1.577,1.559,1.3841,2.2507,2.279,2.5802,3.763,4.3614,4.7723,4.8158,5.5922,6.7835,6.5378,5.7143,6.4565,5.1086,5.4917,4.6587,3.8307,3.8651,3.5868,3.8406,5.5063,4.4533,5.0371,3.4027,2.335,0.6975,0.2954,0.0524,0,0,0,40,50
10,0.020194,202.858,0,0,0,0,0,0,0,0,0,0,0,0,0,0,0,0,0,0,0.0331,0.9626,2.7322,3.1836,4.325,4.6317,5.5545,4.6725,4.6058,4.1545,4.0792,4.4696,5.125,3.4378,3.8339,3.5434,3.3579,2.4518,2.7249,2.3409,2.2437,2.1513,2.128,2.3009,2.3742,2.7357,2.9734,3.7718,4.1978,5.6432,5.4459,5.8248,6.0882,7.4322,7.0094,7.1054,7.5973,7.4235,5.9111,5.4586,5.7671,4.7038,3.6126,3.1181,3.5544,4.0804,4.1829,4.0672,2.3821,1.09,0.2368,0.0262,0,0,0,50,50
11,0.019215,178.902,0,0,0,0,0,0,0,0,0,0,0,0,0,0,0,0,0,0,0.0419,0.7759,1.9322,2.989,4.4125,4.6758,5.957,4.8888,4.621,4.3828,4.7158,4.3931,4.4808,4.0837,4.0752,3.1319,3.1533,2.9508,2.5846,2.4071,1.5559,1.5264,1.5044,1.857,1.6013,1.7068,2.5384,2.5778,2.8239,2.887,3.3869,3.7539,3.9222,4.2748,5.1122,5.9634,5.9832,6.1733,6.234,5.7722,5.179,4.4648,4.0603,5.0362,4.3766,3.1302,3.8443,3.2262,2.3526,1.2002,0.1971,0.0263,0,0,0,50,50
12,0.010234,125.014,0,0,0,0,0,0,0,0,0,0,0,0,0,0,0,0,0,0,0.0414,0.5069,1.4439,2.7636,3.7727,3.1638,3.7543,3.5587,3.435,2.6766,3.5478,2.5096,2.1678,2.1729,2.1748,2.0003,2.0102,1.4271,1.2604,1.1039,1.0692,1.122,1.4069,1.256,1.3694,1.4811,1.5002,1.7642,2.0378,2.6731,3.0671,3.5775,3.4629,3.6424,4.1459,4.9247,4.8584,5.1303,5.6754,4.7504,4.9501,3.0654,2.0988,2.7462,2.4141,1.6545,1.3749,1.2254,0.6703,0.2491,0.0943,0.0259,0,0.0157,0.0226,50,60
13,0.011539,127.339,0,0,0,0,0,0,0,0,0,0,0,0,0,0,0,0,0,0,0,0.6923,1.8521,2.2556,3.099,3.6199,4.1525,3.2307,2.7771,2.928,2.504,2.2999,1.9832,2.1464,1.8092,1.5695,1.1289,1.5851,1.3792,1.5928,1.0116,0.8912,0.9065,1.1399,1.3054,1.2353,1.7352,2.1026,2.1925,3.0761,2.5156,3.8044,3.9172,4.4517,5.5669,5.6877,5.0486,5.4018,5.169,4.9542,4.2817,3.1499,3.38,2.722,2.1593,1.8793,2.1169,1.3915,0.9823,0.4367,0.1207,0,0,0,0,60,40
14,0.010984,120.362,0,0,0,0,0,0,0,0,0,0,0,0,0,0,0,0,0,0,0.0754,1.0742,1.728,2.769,4.1222,4.5956,5.2449,4.2339,3.8078,3.4627,2.8775,2.833,2.402,2.1532,1.7611,1.8213,1.5883,1.1178,1.2091,1.1398,0.8639,0.8675,0.7708,0.7541,0.803,1.0843,1.509,1.1775,1.8795,2.1392,2.2005,2.7255,2.584,3.1482,4.8726,4.3487,4.1886,5.0254,3.871,4.2565,3.3432,3.0644,2.9525,2.3303,2.4696,2.1721,2.1699,1.1365,0.8595,0.4001,0.2327,0.1052,0,0.016,0.0229,40,40
15,0.01227,116.158,0,0,0,0,0,0,0,0,0,0,0,0,0,0,0,0,0,0,0,0.4304,2.0735,2.5699,2.7317,2.9821,3.1006,3.4454,3.4665,2.3795,2.4973,1.7028,1.6265,1.4113,1.0038,0.6187,1.1936,0.6284,0.797,0.5844,0.5337,0.4779,0.4607,1.0501,0.6359,1.0025,1.2343,1.2966,1.4226,2.325,2.8374,3.3451,3.411,4.7386,4.6292,5.417,4.7587,5.2106,6.1029,4.7594,4.3611,4.6333,3.8469,2.6986,2.3416,2.0712,2.2636,1.6398,0.8571,0.3962,0.0392,0.0781,0,0.0387,0,40,40
16,0.009973,151.616,0,0,0,0,0,0,0,0,0,0,0,0,0,0,0,0,0,0,0.0418,0.3415,1.3012,2.3132,3.2852,3.8923,3.9612,3.3279,3.4576,2.5777,3.2535,2.5253,2.1288,1.6935,1.4539,1.5162,1.3925,1.4913,1.412,1.2284,0.8751,1.1003,1.0322,1.6616,1.6328,1.9701,2.072,2.4706,2.7807,3.7822,4.4841,5.3644,5.7705,6.4188,8.1727,8.7083,8.9789,8.3773,7.738,6.1055,5.1538,4.4206,3.2511,2.4974,1.5545,1.3498,0.5072,0.3988,0.2614,0.1091,0.0214,0,0,0,0,40,50
17,0.013321,140.331,0,0,0,0,0,0,0,0,0,0,0,0,0,0,0,0,0,0,0,0.5826,2.2548,2.1896,3.1787,3.0594,3.3328,2.8707,2.9708,2.1249,2.3019,1.8093,1.4107,1.4635,1.358,1.637,1.0005,0.9128,1.0666,0.6901,1.0566,0.8089,0.9477,1.1091,0.9829,1.3072,1.4965,2.0796,1.7612,2.429,2.6954,3.5196,3.87,5.1091,5.3494,6.4225,9.1385,8.2903,8.2057,7.4586,7.4822,5.707,5.1901,4.1308,2.5978,1.9976,1.1423,0.9716,0.5219,0.2759,0.0226,0,0.0393,0,0,50,60
18,0.013586,182.503,0,0,0,0,0,0,0,0,0,0,0,0,0,0,0,0,0,0,0.0417,1.133,3.926,6.0974,5.6145,5.8342,7.3913,6.5137,6.2077,4.8178,4.9644,4.2634,4.6221,3.9249,3.9621,3.0563,2.7569,2.1862,2.0408,2.071,1.3339,1.5294,1.6099,1.245,1.6282,1.6832,1.7328,2.4501,2.1182,2.9454,3.7114,3.5508,4.5499,5.0096,5.3684,5.1255,6.8137,7.5431,6.3543,5.8411,5.75,5.5628,4.0043,3.4877,3.1148,2.3041,1.8441,1.5002,0.7335,0.4293,0.1771,0.0261,0,0,0,60,60
19,0.020058,130.12,0,0,0,0,0,0,0,0,0,0,0,0,0,0,0,0,0,0,0.0336,1.1745,2.1462,2.9977,4.0268,5.2719,5.2432,4.3119,3.5863,3.5262,2.9849,2.5571,2.236,2.4317,1.9956,2.1581,1.3285,0.906,1.005,0.7147,0.8516,0.6976,0.6771,0.6987,0.7194,0.8459,1.2691,1.2419,1.0977,1.8763,2.1269,1.9864,2.3681,2.523,3.6147,4.064,4.3892,3.5209,4.0251,3.8142,3.8239,3.9184,3.8133,4.113,4.2248,4.6405,4.1952,3.6704,2.2483,1.34,0.6395,0.2119,0.1188,0.0948,0.0231,60,50
20,0.03304,156.093,0,0,0,0,0,0,0,0,0,0,0,0,0,0,0,0,0,0,0.0421,0.8733,2.828,2.9593,4.2739,4.8328,4.18,4.2367,3.4552,3.304,3.8349,3.3315,2.4526,2.9323,2.0741,2.0985,1.2952,1.2145,1.619,1.6418,1.1911,0.7465,0.7331,0.7196,0.8033,0.7842,1.0159,0.884,1.2414,1.5904,1.872,2.1153,1.9864,2.0961,2.5252,2.5966,3.5885,3.6986,4.4166,4.7641,4.916,6.5708,6.5927,6.9643,8.4898,7.8342,7.1795,5.4632,4.4379,3.3359,1.0923,0.2304,0.0983,0.0391,0,50,40
21,0.026204,130.046,0,0,0,0,0,0,0,0,0,0,0,0,0,0,0,0,0,0,0,0.9374,1.769,2.0227,3.4118,2.84,3.0352,2.5859,2.9489,2.8577,2.4889,2.7448,2.3969,1.7776,1.8183,1.3355,1.5888,1.2752,0.7819,0.5699,0.7981,0.7811,0.5246,0.6928,0.8614,0.7667,0.7128,1.1151,1.5646,1.4192,1.8971,1.9024,2.6723,2.4912,2.87,2.9123,3.2894,4.0884,3.8286,4.9395,6.0199,4.677,5.3694,5.289,6.4908,5.6809,5.7499,5.0251,2.8742,2.2785,0.9866,0.2512,0.0397,0,0,40,50
22,0.010793,77.543,0,0,0,0,0,0,0,0,0,0,0,0,0,0,0,0,0,0,0.0329,0.5203,1.2125,1.6285,1.7806,2.0704,1.8673,1.9212,1.241,1.9348,1.2464,0.7771,0.6271,0.9319,1.0364,0.6855,0.9935,0.635,0.5562,0.8699,0.5659,0.7554,0.5463,0.6112,0.8624,1.0701,0.8721,0.8473,0.9975,1.2175,1.1635,1.3844,1.789,2.5846,2.1954,2.6362,3.189,3.6762,4.0959,3.1983,2.933,2.536,2.6478,2.5937,2.3467,1.9835,1.9207,1.5279,1.0903,0.6624,0.3063,0.1298,0.0387,0,0,50,40
23,0.013091,98.533,0,0,0,0,0,0,0,0,0,0,0,0,0,0,0,0,0,0,0,0.8208,2.2645,3.1554,3.3256,3.4628,3.4274,2.2593,2.0266,1.8871,1.7699,1.2188,1.2987,1.2522,1.1189,0.679,0.9426,0.5387,0.5316,0.4925,0.3304,0.5465,0.5883,0.489,0.7352,0.8837,0.8912,1.0834,1.0935,1.6002,1.8546,2.0982,2.8363,3.8859,3.5202,4.1898,4.2946,4.7358,3.7304,3.8236,3.3296,2.9564,2.4548,2.5133,2.1978,1.8794,2.1289,1.7647,1.784,0.9413,0.6088,0.2312,0.0541,0.005,0,40,40
24,0.013332,155.585,0,0,0,0,0,0,0,0,0,0,0,0,0,0,0,0,0,0,0,0.928,3.437,3.9259,5.0503,5.587,4.6188,4.9375,4.8689,3.9014,2.9196,3.1266,2.8454,2.3055,2.6327,2.6652,2.0964,1.3535,1.7297,1.3749,1.3771,1.1918,1.4008,1.7455,1.3468,1.4592,2.1097,1.7966,2.9205,3.5722,3.7184,4.3348,4.6008,5.4092,5.875,6.2993,6.8392,6.4815,5.7448,4.7149,3.9394,3.3619,2.8678,2.1825,2.0007,1.9886,1.2827,1.778,1.1233,1.1074,0.4209,0.1324,0.079,0.0553,0.0231,40,60
25,0.012827,201.168,0,0,0,0,0,0,0,0,0,0,0,0,0,0,0,0,0,0,0.0418,0.7286,2.7363,4.1041,4.5064,5.4485,6.3123,6.1228,6.1518,4.6361,4.7248,3.9146,4.0712,4.0039,3.7546,2.7481,2.9323,2.467,2.1069,1.746,1.7525,1.7394,1.5967,2.2062,2.1489,2.5003,2.8251,3.089,3.4391,5.051,4.9156,6.4789,7.2361,7.7379,8.6933,9.1618,9.7425,9.7962,8.6593,7.8536,5.5714,3.7812,3.4742,1.551,1.7313,1.3542,1.4955,0.7272,0.5101,0.4688,0.4255,0.157,0.039,0,0,60,60
26,0.010925,178.48,0,0,0,0,0,0,0,0,0,0,0,0,0,0,0,0,0,0,0.0332,1.2717,4.1855,4.2122,6.3823,7.7753,7.5298,7.4051,7.3794,6.0933,6.1986,5.4633,4.4308,4.1815,4.0378,3.6141,3.3403,2.3455,2.0334,2.1418,1.9379,1.7303,1.7777,1.7098,1.8873,2.2443,1.873,2.1071,2.7312,2.75,3.7231,4.3968,4.8168,5.224,5.1256,5.5402,5.3023,5.406,5.0202,3.7171,3.0767,3.0118,2.5782,2.6353,2.2357,1.5844,1.1927,1.0742,1.0583,0.3584,0.3361,0.164,0.0981,0,0,60,70
27,0.015539,153.598,0,0,0,0,0,0,0,0,0,0,0,0,0,0,0,0,0,0,0,0.8838,2.4774,2.8911,4.3568,4.3673,3.9626,3.8735,3.1714,3.4316,3.1592,2.267,2.2453,2.0963,2.4055,1.6783,1.4718,1.317,1.1075,1.0659,0.9991,1.0967,1.1161,1.4001,1.0723,1.3639,1.7229,1.7915,2.0763,2.5015,3.4528,4.1113,4.2209,4.8879,6.0639,6.0572,6.7075,6.9615,7.7028,7.3876,6.3907,5.5936,4.4443,4.2657,3.6406,2.5049,2.7057,1.4667,0.7609,0.5868,0.1594,0.1556,0,0,0,70,60
28,0.010575,191.787,0,0,0,0,0,0,0,0,0,0,0,0,0,0,0,0,0,0,0.0742,1.6444,3.3566,5.7471,6.1737,7.9499,8.484,8.0573,7.5206,6.61,6.9078,6.6309,6.1067,5.8258,4.6109,4.3011,3.3638,2.6692,2.676,2.161,1.9736,2.2542,1.59,1.6165,1.4443,1.8873,1.4345,1.8116,2.0327,2.6028,3.1096,3.8921,4.0884,4.381,5.2443,6.1486,5.5305,7.3477,6.5205,5.8233,5.0863,3.2405,2.8026,2.7528,1.6064,1.3011,1.2761,0.7686,0.6538,0.4571,0.1463,0.0519,0,0.0385,0,60,60
29,0.015127,157.841,0,0,0,0,0,0,0,0,0,0,0,0,0,0,0,0,0,0,0,1.0119,2.4747,3.3255,4.6513,5.0848,6.2218,5.2549,5.3246,4.1131,3.9649,3.9768,3.8881,3.24,3.0833,2.1995,2.0043,2.1374,1.8597,1.294,1.3967,1.0271,1.1785,1.0173,1.1686,1.0536,1.1354,1.3965,1.4891,1.7242,2.4088,2.9227,3.5858,3.1479,4.7815,4.688,5.3675,6.8911,6.864,6.234,6.384,4.6641,4.1867,4.7739,4.003,3.9235,2.4796,1.5636,0.7567,0.3595,0.0413,0.0391,0.0678,0.0099,0,60,60
30,0.014371,174.751,0,0,0,0,0,0,0,0,0,0,0,0,0,0,0,0,0,0,0.0339,1.919,3.1108,4.2507,5.8878,6.3374,6.1122,6.347,5.1376,4.6619,4.4364,3.6256,3.0517,2.5543,2.5606,1.922,1.8425,1.6173,1.2916,1.1623,1.2159,0.9721,0.8094,1.153,1.2883,1.3922,1.377,2.0027,2.1815,3.1226,4.2076,4.19,4.7435,6.1789,6.2838,7.7246,6.9823,7.416,7.623,7.6053,5.5188,4.6058,4.3809,3.596,2.7264,2.6028,1.7718,1.9872,0.5089,0.3917,0.1815,0.107,0.0347,0.0051,0,60,60
31,0.011844,131.818,0,0,0,0,0,0,0,0,0,0,0,0,0,0,0,0,0,0,0.1173,0.8353,2.8578,3.6833,4.5885,4.8152,4.1651,4.6404,4.5519,3.6796,3.3723,2.8285,2.6717,2.6146,1.6438,1.665,1.4952,0.8206,0.7607,0.8938,0.7931,0.6019,0.5568,0.739,1.0356,0.8237,0.7876,1.3441,1.5797,1.6617,2.2256,1.9289,3.2706,3.937,3.8784,4.5549,5.67,4.9832,5.4888,5.9164,5.8588,4.3996,4.6854,3.7691,2.8705,2.2836,1.7295,0.8846,0.5003,0.2765,0.002,0.0216,0.0197,0.0389,0,60,60
32,0.022069,134.382,0,0,0,0,0,0,0,0,0,0,0,0,0,0,0,0,0,0,0.0752,1.1317,2.21,3.0318,3.5342,3.9012,4.3118,4.1949,3.4991,2.6714,2.3677,2.3314,1.8939,1.8015,1.2416,1.5871,1.2994,0.7233,0.8059,0.6033,0.5263,0.424,0.5212,0.3399,0.3383,0.687,0.7844,1.0182,1.03,1.1173,1.3423,1.6416,1.9221,2.3378,3.3164,4.2226,4.2816,5.2473,5.7792,5.891,5.9987,6.216,6.8309,6.0946,6.255,6.0609,4.8124,3.0504,1.7258,0.8495,0.253,0.1521,0.0588,0.039,0,60,50
33,0.008854,132.034,0,0,0,0,0,0,0,0,0,0,0,0,0,0,0,0,0,0,0.0755,1.1779,2.9524,4.6772,4.7635,5.9416,5.7804,5.3369,5.1556,4.7676,4.0817,3.6566,3.3065,2.7163,2.6543,1.5266,1.8211,1.6596,0.6962,1.5743,1.3274,0.9393,0.9506,1.1814,0.9829,1.1838,1.3088,1.243,1.5851,2.1062,2.6838,2.7496,3.4765,3.2067,3.6225,4.3457,4.77,5.1152,3.8368,3.9208,3.0411,2.671,2.2047,2.1209,2.1962,1.5176,1.6684,0.8126,0.552,0.1882,0.0702,0.1132,0.0197,0,0,50,50
34,0.011236,215.727,0,0,0,0,0,0,0,0,0,0,0,0,0,0,0,0,0,0,0.0743,1.5498,4.6588,5.8551,6.7072,9.479,9.3547,8.4831,8.2865,7.9356,8.3246,6.0788,6.89,6.1722,5.9489,5.2365,3.8502,3.645,4.4243,3.9341,2.6546,2.4269,2.127,2.4301,1.7087,2.1476,2.6841,2.656,2.5671,2.8558,3.4658,4.5066,5.4298,5.1583,5.5557,5.8796,6.6538,6.2751,5.4724,5.487,3.8847,3.6647,2.8572,2.2711,2.1617,1.8199,1.4196,1.1789,0.5753,0.6263,0.1465,0.052,0.0387,0,0,50,70
35,0.008768,279.429,0,0,0,0,0,0,0,0,0,0,0,0,0,0,0,0,0,0,0.033,1.68,4.948,8.885,11.167,12.2,13.103,13.072,11.114,11.495,11.654,10.976,10.609,10.189,8.85,7.972,7.959,5.859,4.595,3.689,3.742,3.245,2.351,2.71,2.894,3.384,3.045,3.134,4.167,3.907,5.142,5.847,5.784,7.075,6.537,6.895,7.056,6.907,6.021,4.72,4.142,2.556,2.229,1.794,0.764,0.995,0.93,0.618,0.447,0.162,0.103,0.078,0,0,0,70,90
36,0.008715,299.027,0,0,0,0,0,0,0,0,0,0,0,0,0,0,0,0,0,0,0.083,2.025,6.445,9.098,12.478,13.461,14.437,14.758,13.173,13.295,13.398,12.615,11.659,10.128,11.636,8.628,8.237,6.719,5.681,4.779,3.917,4.27,3.214,3.264,3.043,3.218,2.97,3.629,3.736,4.017,5.189,4.992,4.722,5.572,6.022,6.807,5.64,5.8,5.807,5.283,3.896,2.871,2.129,1.634,1.099,1.257,0.84,0.709,0.328,0.235,0.103,0.059,0.02,0,0,90,110
37,0.005614,339.146,0,0,0,0,0,0,0,0,0,0,0,0,0,0,0,0,0,0,0.107,2.51,7.48,11.47,13.155,16.783,18.651,19.265,17.127,16.82,17.527,16.561,15.042,15.586,13.704,12.552,10.545,8.141,6.192,6.083,5.36,5.001,3.458,3.3,2.969,3.655,3.445,3.62,3.103,4.165,4.375,3.908,4.905,5.721,5.663,5.127,5.082,4.863,3.972,3.545,2.225,1.675,0.997,1.248,0.878,0.718,0.356,0.304,0.167,0.018,0.021,0,0,0,0,110,150
38,0.009956,250.616,0,0,0,0,0,0,0,0,0,0,0,0,0,0,0,0,0,0,0.042,1.618,4.303,6.833,8.966,11.059,10.97,11.379,10.351,11.019,9.937,8.424,8.478,9.464,7.119,5.915,5.13,4.199,3.583,3.446,2.857,2.719,2.448,2.087,2.174,2.425,2.807,2.16,2.65,3.636,4.404,5.194,5.895,6.902,7.107,6.835,8.304,6.29,7.389,6.44,4.513,3.451,2.653,1.968,1.463,1.308,1.004,0.476,0.36,0.184,0.147,0.091,0.039,0,0,150,90
39,0.011357,158.334,0,0,0,0,0,0,0,0,0,0,0,0,0,0,0,0,0,0,0,0.9877,3.4128,4.8017,5.2427,6.7379,6.9681,6.5347,6.1331,5.8372,5.6636,4.7904,3.3967,3.5347,3.9017,2.3514,2.2633,2.2363,1.6983,1.6205,1.4529,1.0698,1.0513,1.0187,1.0584,0.9865,1.0764,1.5963,2.228,2.512,3.0997,3.0741,4.2688,4.2095,4.9238,5.1905,5.4759,6.1603,4.859,5.0306,3.9682,2.8294,2.3035,1.8998,1.6592,1.9365,1.8379,1.3086,1.0235,0.6185,0.2595,0.2341,0,0,0,90,60
40,0.010158,276.573,0,0,0,0,0,0,0,0,0,0,0,0,0,0,0,0,0,0,0.074,1.653,6.368,7.809,10.441,11.775,13.76,14.777,12.272,12.109,12.089,11.037,10.254,9.283,9.527,8.075,7.615,5.58,4.392,3.825,3.895,2.769,3.21,2.595,2.942,3.12,3.044,3.426,3.609,3.505,4.46,4.657,5.168,5.236,5.95,6.495,6.147,6.049,5.952,4.757,3.722,3.488,1.715,1.802,1.486,1.062,0.927,0.705,0.745,0.704,0.411,0.104,0,0,0,60,80
41,0.012348,333.14,0,0,0,0,0,0,0,0,0,0,0,0,0,0,0,0,0,0,0.033,1.929,5.313,8.794,10.983,13.875,14.951,16.052,13.626,13.376,13.7,11.46,11.566,11.039,9.767,9.61,8.794,7.596,5.967,6.377,4.642,3.116,3.381,3.422,3.863,4.074,4.391,4.397,5.464,4.673,6.352,7.339,6.181,7.573,7.258,8.707,8.405,8.232,8.171,6.687,5.892,4.472,3.005,2.26,1.855,1.006,1.183,0.79,0.597,0.446,0.339,0.159,0,0,0,80,110
42,0.009594,368.188,0,0,0,0,0,0,0,0,0,0,0,0,0,0,0,0,0,0,0.109,2.439,6.83,8.827,13.193,17.581,14.945,16.849,15.941,16.402,14.521,13.894,14.392,13.316,12.659,11.15,9.796,8.197,6.462,6.447,5.887,4.964,3.738,3.491,3.843,4.418,4.21,4.375,5.293,6.409,7.782,8.128,7.65,7.764,9.259,9.321,9.101,8.915,7.722,6.654,4.318,3.34,2.335,1.814,1.44,1,0.548,0.166,0.107,0.048,0.04,0.158,0,0,0,110,140
43,0.012824,342.049,0,0,0,0,0,0,0,0,0,0,0,0,0,0,0,0,0,0,0.076,1.78,5.17,6.936,10.73,12.348,12.598,14.314,12.973,11.317,11.644,10.845,10.797,9.969,8.97,7.647,6.659,5.159,4.9,5.055,3.285,2.919,2.43,3.1,3.129,3.222,4.016,4.308,4.825,6.867,7.572,8.225,8.435,11.423,12.439,12.655,14.107,14.811,11.802,11.186,7.045,4.863,3.539,2.609,1.737,0.952,0.22,0.199,0.116,0.127,0,0,0,0,0,140,120
44,0.017016,299.202,0,0,0,0,0,0,0,0,0,0,0,0,0,0,0,0,0,0,0.041,1.322,4.414,6.417,7.571,10.496,11.339,11.064,11.243,10.372,10.51,9.389,9.612,9.438,9.87,8.429,7.99,6.573,4.676,4.211,3.803,2.543,2.462,2.836,2.533,3.086,3.214,2.691,3.066,3.387,5.045,4.589,5.168,6.202,6.809,8.335,8.392,9.184,11.137,10.196,10.721,7.927,6.734,4.937,3.179,2.44,1.666,1.016,0.29,0.318,0.215,0.084,0.019,0,0,120,110
45,0.030629,208.171,0,0,0,0,0,0,0,0,0,0,0,0,0,0,0,0,0,0,0.033,1.7117,4.8613,5.9957,6.8134,8.2778,9.2845,8.1759,7.294,6.0427,6.1866,5.4791,5.5431,4.3733,3.5406,3.4276,3.0334,2.162,1.7196,1.7119,1.0854,0.7253,1.0629,0.8194,0.7617,0.9366,1.0768,1.3096,1.1922,1.4365,2.2861,2.4211,3.1574,3.6644,4.537,4.6886,5.0229,6.4907,7.3763,7.9478,6.8536,6.7577,6.6184,5.8605,4.7952,4.7884,4.6483,4.0803,4.2854,3.079,2.0337,0.4716,0.1509,0.0825,0,110,50
0,0,0,0.104,0.111,0.12,0.129,0.138,0.149,0.16,0.172,0.184,0.198,0.213,0.229,0.246,0.264,0.284,0.305,0.328,0.352,0.379,0.407,0.437,0.47,0.505,0.543,0.583,0.627,0.674,0.724,0.778,0.836,0.898,0.965,1.037,1.115,1.198,1.287,1.383,1.486,1.597,1.717,1.845,1.982,2.13,2.289,2.46,2.643,2.841,3.053,3.28,3.525,3.788,4.071,4.374,4.701,5.051,5.428,5.833,6.268,6.736,7.239,7.779,8.359,8.983,9.653,10.373,11.147,11.979,12.872,13.833,14.865,15.974,17.165,18.446,0,0