Tiempo (min),LWC (g/m3),Cn(P/cm3),0.104,0.111,0.12,0.129,0.138,0.149,0.16,0.172,0.184,0.198,0.213,0.229,0.246,0.264,0.284,0.305,0.328,0.352,0.379,0.407,0.437,0.47,0.505,0.543,0.583,0.627,0.674,0.724,0.778,0.836,0.898,0.965,1.037,1.115,1.198,1.287,1.383,1.486,1.597,1.717,1.845,1.982,2.13,2.289,2.46,2.643,2.841,3.053,3.28,3.525,3.788,4.071,4.374,4.701,5.051,5.428,5.833,6.268,6.736,7.239,7.779,8.359,8.983,9.653,10.373,11.147,11.979,12.872,13.833,14.865,15.974,17.165,18.446,Visibilidad (m),Visibilidad corregida (m)
1,0.051087,85.66,0,0,0,0,0,0,0,0,0,0,0,0,0,0,0,0,0,0,0,0.0815,0.1629,0.285,0.4047,0.8691,0.5987,0.8032,0.7777,0.6925,0.5313,0.4121,0.4436,0.452,0.7238,0.993,0.4764,0.3939,0.518,0.6125,0.4115,0.3807,0.2122,0.2788,0.1383,0.291,0.6544,0.2139,0.4369,0.1392,0.5301,0.4194,0.3556,0.6917,0.5501,0.9924,1.0076,1.2665,1.6178,2.0922,2.2572,3.2719,3.2861,3.4812,3.935,4.8061,6.5056,7.4985,7.3915,8.689,7.2355,3.3441,0.913,0.1331,0,61,61
2,0.024661,43.354,0,0,0,0,0,0,0,0,0,0,0,0,0,0,0,0,0,0,0.0322,0.0898,0.0813,0.1219,0.2438,0.2844,0.3345,0.4544,0.2778,0.3482,0.3696,0.3967,0.3279,0.2918,0.241,0.2595,0.2326,0.2766,0.1371,0.1935,0.1238,0.0864,0.1507,0.1721,0.1898,0.1615,0.1321,0.1654,0.2486,0.2445,0.296,0.2932,0.3882,0.2151,0.3413,0.3077,0.7031,0.6021,0.7598,0.7665,1.2647,1.6784,1.7452,1.8053,2.5305,2.6937,3.294,3.3313,4.3949,4.5675,3.1424,1.2977,0.2462,0.0194,0,62,60
3,0.012252,33.888,0,0,0,0,0,0,0,0,0,0,0,0,0,0,0,0,0,0,0,0,0.1162,0.0869,0.2628,0.1028,0.1624,0.3526,0.186,0.2101,0.2448,0.2941,0.6117,0.3259,0.4244,0.2992,0.3399,0.2236,0.2709,0.2338,0.1472,0.1319,0.0611,0.1524,0.1897,0.2225,0.2667,0.0827,0.1587,0.1768,0.3309,0.4165,0.324,0.4056,0.2809,0.4538,0.6569,0.8719,1.323,1.4261,1.5431,1.7374,1.8926,1.9063,2.4024,2.0675,2.5208,2.3412,2.4547,1.3144,0.6137,0.1717,0.0949,0,0,61,59
4,0.028717,70.158,0,0,0,0,0,0,0,0,0,0,0,0,0,0,0,0,0,0,0,0.0408,0.0992,0.1483,0.3646,0.0993,0.4153,0.4663,0.3156,0.2937,0.2423,0.4277,0.3593,0.3899,0.2227,0.449,0.3981,0.3853,0.3127,0.2386,0.3299,0.2737,0.323,0.2308,0.2425,0.2766,0.2375,0.2008,0.2323,0.5268,0.7115,0.583,0.6844,1.0143,1.4743,1.6895,1.6135,1.9599,3.3795,3.2372,3.4127,3.5477,3.349,3.6383,3.8223,3.9141,5.1133,5.452,5.9455,4.7462,2.0434,0.2437,0.0383,0.0019,0,60,56
5,0.050224,109.309,0,0,0,0,0,0,0,0,0,0,0,0,0,0,0,0,0,0,0,0.085,0.338,0.439,0.242,0.656,0.624,0.643,0.507,0.431,0.587,0.486,0.511,0.932,0.571,0.396,0.446,0.571,0.572,0.354,0.258,0.23,0.211,0.301,0.378,0.397,0.52,0.478,0.377,0.591,0.772,0.949,0.677,1.018,1.134,1.968,1.607,2.666,3.453,3.861,3.914,4.538,5.288,6.407,7.117,8.184,9.266,10.817,10.604,8.265,2.936,0.678,0.019,0.038,0,59,55
6,0.064222,109.095,0,0,0,0,0,0,0,0,0,0,0,0,0,0,0,0,0,0,0,0,0.081,0.214,0.364,0.397,0.203,0.353,0.359,0.384,0.342,0.407,0.461,0.274,0.406,0.52,0.553,0.4,0.352,0.585,0.118,0.052,0.151,0.132,0.155,0.176,0.077,0.224,0.184,0.245,0.456,0.441,0.369,0.463,0.525,0.657,0.72,1.154,1.654,1.837,3.122,3.534,4.092,6.34,7.809,8.06,12.132,15.342,15.125,12.061,4.204,0.694,0.095,0.017,0.022,56,55
7,0.015883,34.404,0,0,0,0,0,0,0,0,0,0,0,0,0,0,0,0,0,0,0,0,0.0407,0.1629,0.1629,0.2035,0.2381,0.3594,0.2677,0.191,0.1835,0.0767,0.2212,0.1933,0.3149,0.1111,0.3651,0.0762,0.1737,0.1759,0.0184,0.081,0,0.0579,0.1383,0.2298,0.2079,0.342,0.3207,0.1058,0.1505,0.1203,0.1036,0.2938,0.4426,0.3646,0.6618,0.4096,0.7873,1.1122,1.1087,1.2659,1.7387,1.8338,2.2717,2.8725,3.2686,3.4706,3.606,2.5537,0.844,0.1029,0.001,0,0,55,55
8,0.039348,76.247,0,0,0,0,0,0,0,0,0,0,0,0,0,0,0,0,0,0,0,0.0815,0.1804,0.1046,0.2443,0.2561,0.1917,0.3684,0.5076,0.26,0.4484,0.3229,0.5438,0.2735,0.1753,0.5029,0.3831,0.3314,0.3204,0.1981,0.2691,0.1441,0.1204,0.203,0.0692,0.0918,0.127,0.2004,0.1685,0.245,0.2564,0.2938,0.2762,0.5214,0.4673,0.8051,1.1446,1.2398,1.327,1.4972,2.1385,3.2804,4.0754,5.5655,5.9666,6.3533,7.5582,8.2784,8.5387,6.1267,2.283,0.7664,0.1473,0.0048,0.0019,55,56
9,0.023031,55.311,0,0,0,0,0,0,0,0,0,0,0,0,0,0,0,0,0,0,0,0.0035,0.1771,0.1671,0.4049,0.3127,0.1414,0.1249,0.3194,0.2015,0.4281,0.0961,0.27,0.4232,0.4028,0.231,0.3675,0.145,0.2718,0.194,0.0773,0.2098,0.2675,0.2058,0.2595,0.1919,0.1098,0.27,0.2896,0.3166,0.2851,0.3485,0.3671,0.6455,0.4615,0.5033,1.2274,1.3315,1.6817,1.9871,2.9592,3.2672,3.4091,3.5942,4.1602,3.7924,4.4344,4.7014,4.4129,3.4137,1.2952,0.0957,0.0572,0,0,55,55
10,0.032824,66.364,0,0,0,0,0,0,0,0,0,0,0,0,0,0,0,0,0,0,0,0,0.0985,0.1878,0.5124,0.3479,0.5245,0.2763,0.6674,0.5617,0.4056,0.2697,0.2206,0.3828,0.1468,0.217,0.2058,0.1982,0.1741,0.3544,0.2509,0.2316,0.3514,0.3541,0.1893,0.1909,0.1361,0.1995,0.1792,0.4192,0.44,0.3614,0.391,0.3305,0.596,0.6485,0.5821,0.8839,1.0312,1.4887,2.326,2.7158,3.3393,3.3148,5.4123,5.1889,5.9212,7.7904,8.2768,5.2612,1.5061,0.3045,0,0,0,56,55
11,0.045406,85.831,0,0,0,0,0,0,0,0,0,0,0,0,0,0,0,0,0,0,0,0.082,0,0.133,0.193,0.367,0.188,0.303,0.509,0.464,0.166,0.522,0.467,0.198,0.346,0.355,0.193,0.224,0.15,0.298,0.055,0.239,0.147,0.043,0.173,0.108,0.083,0.187,0.119,0.07,0.499,0.304,0.456,0.331,0.483,0.615,0.857,0.794,1.41,1.727,2.685,4.196,4.008,5.348,6.432,8.783,9.41,11.824,10.325,6.386,2.051,0.428,0.019,0.055,0.024,55,54
12,0.037533,74.228,0,0,0,0,0,0,0,0,0,0,0,0,0,0,0,0,0,0,0,0.0409,0.0994,0.3205,0.1816,0.4797,0.4572,0.3169,0.2626,0.3745,0.3456,0.5138,0.5119,0.269,0.4007,0.4816,0.5828,0.3775,0.2768,0.2439,0.0604,0.2277,0.2378,0.1037,0.2084,0.1544,0.0942,0.2817,0.205,0.3154,0.2882,0.7432,0.4422,0.494,0.6226,0.3478,0.5104,0.862,1.1765,1.609,2.0025,2.7358,3.6253,3.7397,5.9276,6.1391,8.2574,9.4929,9.5545,5.6648,1.3239,0.1664,0.0382,0.0381,0,55,53
13,0.057987,105.036,0,0,0,0,0,0,0,0,0,0,0,0,0,0,0,0,0,0,0,0.041,0.239,0.253,0.537,0.375,0.603,0.29,0.487,0.636,0.59,0.554,0.528,0.833,0.691,0.533,0.426,0.289,0.495,0.436,0.343,0.192,0.204,0.24,0.156,0.131,0.175,0.281,0.256,0.142,0.337,0.315,0.491,0.43,0.486,0.549,0.822,1.052,1.576,1.735,2.562,3.37,3.906,6.083,7.459,8.968,12.187,14.242,13.794,10.256,2.861,0.525,0,0.076,0,54,52
14,0.039882,83.15,0,0,0,0,0,0,0,0,0,0,0,0,0,0,0,0,0,0,0,0.0407,0.1396,0.3189,0.3433,0.5467,0.329,0.699,0.5843,0.5758,0.5684,0.2787,0.4358,0.3259,0.665,0.4627,0.3971,0.4092,0.5427,0.4646,0.3391,0.2595,0.2385,0.2284,0.2764,0.3533,0.1366,0.2243,0.3916,0.4932,0.5856,0.3802,0.2471,0.4204,0.6317,0.52,1.1228,1.7453,1.58,1.9459,2.6382,3.4042,4.0024,4.5718,6.1194,7.1267,9.1896,8.6575,8.8035,5.7261,2.0016,0.5095,0.1142,0.0377,0,53,53
15,0.022321,59.236,0,0,0,0,0,0,0,0,0,0,0,0,0,0,0,0,0,0,0,0.0443,0.0958,0.2083,0.4249,0.574,0.1728,0.5103,0.4919,0.3755,0.221,0.3645,0.2815,0.5302,0.6252,0.5485,0.5269,0.2649,0.4801,0.3017,0.3784,0.1843,0.2414,0.2508,0.2427,0.2461,0.227,0.5894,0.584,0.2827,0.5193,0.6732,0.38,1.1088,0.4357,1.0262,1.492,1.444,1.9119,1.8857,2.7533,2.7871,2.5754,3.2182,3.7846,3.9866,5.2972,5.6283,4.8602,2.1376,0.7276,0.2576,0.0763,0,0,52,53
16,0.054718,114.103,0,0,0,0,0,0,0,0,0,0,0,0,0,0,0,0,0,0,0,0.003,0.137,0.238,0.325,0.445,0.452,0.304,0.494,0.739,0.407,0.441,0.492,0.427,0.599,0.299,0.447,0.55,0.543,0.28,0.381,0.236,0.09,0.09,0.243,0.215,0.171,0.361,0.309,0.565,0.329,0.631,0.592,1.039,0.81,0.955,1.135,1.677,2.294,3.397,3.957,5.479,6.368,7.147,9.171,11.323,12.824,13.86,11.068,7.141,2.186,0.302,0.095,0.016,0.022,53,53
17,0.038632,88.866,0,0,0,0,0,0,0,0,0,0,0,0,0,0,0,0,0,0,0,0.041,0.303,0.156,0.272,0.596,0.54,0.209,0.439,0.514,0.508,0.604,0.273,0.43,0.63,0.435,0.351,0.306,0.364,0.307,0.305,0.301,0.353,0.298,0.311,0.352,0.276,0.128,0.281,0.352,0.291,0.547,0.764,0.617,0.712,1.227,0.931,1.322,1.904,3.215,3.365,3.996,5.068,5.266,7.212,9.136,9.448,10.491,7.966,4.289,0.686,0.064,0.033,0.08,0,53,54
18,0.047726,129.789,0,0,0,0,0,0,0,0,0,0,0,0,0,0,0,0,0,0,0,0.041,0.11,0.317,0.291,0.383,0.359,0.19,0.724,0.423,0.343,0.705,0.394,0.51,0.4,0.5,0.516,0.385,0.437,0.329,0.233,0.184,0.238,0.297,0.086,0.1,0.302,0.431,0.609,0.56,0.711,0.977,1.097,1.376,1.286,1.662,2.757,3.136,4.366,5.609,7.751,7.728,8.504,10.85,12.707,13.823,14.096,10.859,6.99,2.11,0.771,0.078,0.152,0,0,53,56
19,0.048282,126.626,0,0,0,0,0,0,0,0,0,0,0,0,0,0,0,0,0,0,0,0.085,0.283,0.175,0.55,0.568,0.656,0.399,0.527,0.352,0.592,0.427,1.021,0.596,0.742,0.442,0.353,0.453,0.472,0.793,0.29,0.21,0.328,0.397,0.417,0.262,0.282,0.414,0.444,0.636,1.001,1.06,0.866,0.866,1.246,1.244,1.382,2.495,3.075,4.514,5.546,7.025,8.185,10.2,12.486,13.986,14.73,13.186,8.234,1.808,0.283,0.003,0.038,0,0,54,57
20,0.028789,108.708,0,0,0,0,0,0,0,0,0,0,0,0,0,0,0,0,0,0,0,0.2474,0.2986,0.5839,0.7086,0.8731,0.9957,0.9546,0.8575,0.9965,0.8894,0.9938,0.8627,1.0616,1.5793,0.8447,1.1549,1.261,1.2965,0.9788,0.7734,0.5543,0.5681,0.4687,0.4831,0.5816,0.5222,0.7626,0.6069,0.8037,0.8828,1.2437,0.99,1.2093,1.2759,2.008,2.2337,2.9704,4.0292,5.4334,5.9024,6.2361,7.7429,7.6111,8.7263,8.4525,8.597,5.419,2.887,0.9793,0.2016,0,0,0.1133,0,56,59
21,0.032751,123.862,0,0,0,0,0,0,0,0,0,0,0,0,0,0,0,0,0,0,0,0.085,0.519,0.576,0.573,0.822,0.585,0.839,1.14,0.982,1.329,1.449,0.909,1.201,1.578,1.183,1.042,1.199,0.808,0.924,0.741,0.726,0.533,0.571,0.655,0.719,0.55,0.62,0.873,1.159,0.972,1.074,1.28,1.42,1.736,2.224,1.854,2.848,3.886,4.409,6.393,8.176,9.527,10.714,12.224,13.129,10.048,4.31,1.973,0.408,0.141,0.076,0.071,0.058,0.022,57,59
22,0.036393,114.871,0,0,0,0,0,0,0,0,0,0,0,0,0,0,0,0,0,0,0,0.085,0.16,0.489,0.489,0.454,0.33,0.524,0.517,0.556,0.346,0.439,0.318,0.419,0.464,0.343,0.546,0.463,0.551,0.243,0.182,0.418,0.116,0.143,0.121,0.253,0.456,0.377,0.471,0.422,0.462,0.901,0.651,0.708,1.372,1.36,1.761,2.38,3.693,5.395,6.542,8.1,9.203,12.928,13.839,14.049,11.915,6.093,2.432,0.373,0.021,0,0,0,0,59,61
23,0.029754,135.509,0,0,0,0,0,0,0,0,0,0,0,0,0,0,0,0,0,0,0,0.123,0.461,0.663,0.802,1.632,1.582,1.48,1.802,1.244,2.112,1.872,1.584,1.788,2.271,1.781,1.78,1.385,1.013,0.758,1.121,1.16,0.951,0.951,0.867,0.969,0.752,0.846,1.441,1.514,1.415,1.164,1.954,1.78,2.038,2.923,3.672,3.346,5.334,6.254,6.313,8.691,8.941,10.061,9.597,10.37,7.647,3.892,2.25,0.734,0.199,0.211,0.019,0,0,59,64
24,0.025988,151.886,0,0,0,0,0,0,0,0,0,0,0,0,0,0,0,0,0,0,0,0.2101,0.7887,0.9025,1.124,1.6878,2.3764,2.9369,2.2008,2.3099,2.6969,2.4733,2.7378,2.9328,2.4733,2.7523,2.53,1.8627,2.0918,1.7029,2.0249,1.903,1.2721,1.2244,1.2071,1.2584,1.6185,1.5301,1.7008,2.2414,2.167,2.3243,2.4883,2.842,2.9177,3.7779,3.9255,4.5314,5.1188,6.9634,7.3753,8.5367,7.9243,7.9274,7.558,7.1221,6.5487,4.6181,1.6281,0.4717,0.2201,0.089,0.038,0,0,61,69
25,0.032559,228.72,0,0,0,0,0,0,0,0,0,0,0,0,0,0,0,0,0,0,0.041,0.747,1.255,1.723,2.979,4.052,3.974,4.225,4.954,5.373,4.907,5.095,5.478,5.497,5.532,5.135,4.156,4.82,3.469,2.905,2.445,1.997,1.907,1.732,1.711,2.186,2.486,2.703,3.106,3.272,3.187,3.972,4.488,4.11,4.7,4.617,6.497,6.474,8.36,8.512,8.951,9.64,9.087,9.91,10.912,9.424,7.833,5.132,2.347,0.552,0.08,0,0.038,0.038,0,64,73
26,0.03049,183.201,0,0,0,0,0,0,0,0,0,0,0,0,0,0,0,0,0,0,0,0.251,0.469,1.04,1.453,1.968,2.437,3.029,2.974,3.388,2.923,2.826,3.042,3.518,3.573,3.566,3.324,2.864,2.306,1.958,1.459,1.133,1.359,1.176,1.121,1.201,2.046,1.559,1.879,2.518,2.689,2.11,2.425,3.615,3.679,4.356,5.972,7.535,8.206,9.433,10.901,9.958,8.39,10.166,9.471,7.785,6.17,4.476,2.434,0.718,0.275,0,0.066,0.01,0,69,76
27,0.024651,160.405,0,0,0,0,0,0,0,0,0,0,0,0,0,0,0,0,0,0,0,0.1258,0.5847,1.1669,1.1837,1.7076,1.9107,2.3068,2.714,2.2585,2.9005,3.2348,3.4379,2.7031,2.9978,2.6171,2.6051,2.317,1.8101,1.4799,1.4915,1.4577,1.2027,1.2357,0.8476,1.2363,1.3926,1.5986,1.4532,2.5686,2.6447,3.3337,3.9231,3.5325,4.654,4.2572,5.325,5.6075,7.1021,7.6882,7.5301,9.0382,7.972,7.2667,8.1589,6.4474,6.2314,3.1035,1.6677,0.2947,0.0414,0.0382,0,0,0,73,76
28,0.031591,171.895,0,0,0,0,0,0,0,0,0,0,0,0,0,0,0,0,0,0,0.113,0.093,0.535,1.374,1.698,1.853,2.124,2.329,2.221,2.832,3.152,2.872,2.744,3.18,2.308,2.067,2.4,1.694,1.597,2.105,1.707,1.244,0.82,1.234,1.256,1.122,1.445,1.589,1.262,2.026,2.346,2.407,2.478,3.511,3.922,4.052,5.01,5.336,6.03,7.749,8.815,10.55,10.169,10.957,10.781,9.848,8.269,4.292,1.672,0.628,0.038,0,0.038,0,0,76,73
29,0.041538,199.237,0,0,0,0,0,0,0,0,0,0,0,0,0,0,0,0,0,0,0,0.208,0.417,1.052,0.871,1.249,1.776,1.643,1.99,1.595,2.043,2.181,2.102,2.708,2.187,1.834,2.401,1.175,1.657,1.189,1.609,0.825,0.8,1.299,0.78,1.207,1.192,1.414,1.336,2.01,2.287,3.128,3.263,3.975,4.42,5.1,5.463,7.385,9.502,11.991,11.222,13.247,13.277,15.41,15.176,13.137,10.594,5.368,1.79,0.578,0.021,0.038,0.038,0.053,0.022,76,68
30,0.040658,184.66,0,0,0,0,0,0,0,0,0,0,0,0,0,0,0,0,0,0,0,0.088,0.639,0.75,0.639,1.301,1.353,1.413,1.325,1.363,1.321,1.734,1.665,1.522,1.75,2.105,1.353,1.492,1.253,0.784,0.891,0.781,0.808,0.676,0.762,0.922,0.821,0.989,1.133,1.085,1.456,1.957,2.456,2.294,2.846,3.807,5.178,6.99,7.162,10.086,12.986,15.478,15.92,18.223,17.216,13.467,9.11,3.923,1.128,0.183,0.038,0,0.038,0,0,73,66
31,0.037044,247.896,0,0,0,0,0,0,0,0,0,0,0,0,0,0,0,0,0,0,0,0.34,0.568,1.02,1.297,1.907,1.675,2.332,1.279,2.051,1.98,1.969,1.848,2.145,2.265,1.833,2.443,1.59,1.921,1.511,1.314,0.939,1.09,1.216,1.158,1.297,1.423,1.256,1.73,2.597,2.921,3.42,3.65,4.373,5.695,7.011,9.178,12.6,17.181,21.443,24.265,25.778,24.536,20.913,11.844,4.765,1.567,0.658,0.104,0,0,0,0,0,0,68,65
32,0.027907,221.607,0,0,0,0,0,0,0,0,0,0,0,0,0,0,0,0,0,0,0.105,0.221,0.669,1.544,1.682,1.993,2.037,2.185,2.311,1.572,2.715,2.229,1.957,2.206,2.576,2.004,1.929,1.864,1.511,1.432,1.475,1.296,1.159,1.553,1.158,1.343,1.481,1.673,1.809,2.778,3.576,3.349,4.524,4.238,5.542,7.329,9.771,12.639,16.292,20.173,20.628,19.571,18.441,13.798,7.516,2.94,0.694,0.078,0,0.039,0,0,0,0,0,66,65
33,0.029317,254.323,0,0,0,0,0,0,0,0,0,0,0,0,0,0,0,0,0,0,0,0.333,0.804,0.895,1.306,1.319,1.883,2.002,1.651,1.932,2.189,2.166,2.05,2.46,1.893,1.686,1.977,1.578,1.546,1.649,1.224,1.01,1.069,1.625,1.542,1.147,1.527,1.893,2.091,3.309,3.716,5.108,5.389,5.923,8.859,10.553,12.656,17.316,22.783,27.009,29.872,25.605,16.615,8.523,4.103,1.992,0.354,0.03,0.048,0,0.09,0.026,0,0,0,65,66
34,0.026834,237.198,0,0,0,0,0,0,0,0,0,0,0,0,0,0,0,0,0,0,0,0.529,0.634,1.536,1.374,1.92,2.338,2.594,2.19,1.866,2.413,1.692,1.728,1.384,2.566,1.919,1.459,1.228,1.221,0.886,0.966,1.012,0.801,1.159,1.054,1.142,1.484,1.325,2.089,2.874,3.481,3.441,3.872,5.799,7.592,9.223,12.222,16.626,21.109,26.559,27.663,26.968,16.275,7.668,2.211,0.756,0.2,0.113,0,0.038,0,0,0,0,0,65,67
35,0.039126,320.523,0,0,0,0,0,0,0,0,0,0,0,0,0,0,0,0,0,0,0.041,0.205,0.48,1.304,1.362,1.976,2.445,2.982,2.377,2.259,2.388,2.857,2.457,1.943,2.639,2.227,1.708,1.727,1.251,1.163,1.091,1.049,0.806,1.149,1.234,0.949,1.674,1.778,2.438,2.766,3.346,4.122,4.622,6.724,9.219,12.223,16.905,24.236,29.594,38.329,41.193,37.551,23.762,11.879,3.952,1.75,0.199,0.04,0.067,0.014,0.039,0.038,0,0,0,66,67
36,0.027831,246.594,0,0,0,0,0,0,0,0,0,0,0,0,0,0,0,0,0,0,0,0.503,1.103,1.98,2.086,3.072,2.809,3.011,2.859,3.089,3.287,3.768,2.84,3.222,2.793,2.759,2.315,1.557,1.762,1.368,1.509,1.295,1.399,1.189,1.253,1.376,1.671,2.198,2.247,2.763,2.66,3.2,3.394,4.358,6.435,8.281,10.118,15.475,19.695,23.49,24.83,25.801,19.29,10.811,4.348,0.941,0.231,0.115,0,0.018,0.021,0,0,0,0,67,68
37,0.030933,311.123,0,0,0,0,0,0,0,0,0,0,0,0,0,0,0,0,0,0,0,0.34,1.314,1.715,1.912,2.992,3.187,3.218,2.759,2.81,3.821,3.006,2.613,2.588,2.416,2.54,1.921,2.226,1.727,1.495,1.239,1.386,1.521,1.197,1.28,1.935,2.24,2.529,3.238,3.853,4.25,6.515,6.412,9.261,10.433,14.631,21.255,23.892,30.9,33.527,34.252,25.922,14.779,6.887,2.021,0.774,0.236,0.091,0.024,0.039,0.001,0,0,0,0,67,72
38,0.027056,314.274,0,0,0,0,0,0,0,0,0,0,0,0,0,0,0,0,0,0,0,0.757,2.49,3.618,4.727,5.871,5.803,5.766,5.075,4.966,4.8,5.409,5.605,4.684,4.655,4.055,3.782,2.847,2.969,2.273,1.214,2.088,2.05,1.773,1.885,2.309,2.618,2.792,3.253,4.75,5.162,5.471,7.078,7.966,9.429,13.61,14.636,19.735,25.34,26.905,26.68,22.273,13.471,6.969,2.914,1.201,0.276,0.132,0.062,0.056,0.021,0,0,0,0,68,75
39,0.029958,335.121,0,0,0,0,0,0,0,0,0,0,0,0,0,0,0,0,0,0,0,0.456,1.415,2.391,3.715,3.889,4.48,3.972,4.329,4.857,4.961,3.972,4.35,4.793,4.58,4.055,2.715,3.006,2.283,2.406,2.524,1.834,2.02,1.559,1.956,2.572,3.094,2.725,3.848,4.511,5.463,6.01,7.83,9.108,11.899,13.631,19.308,24.789,28.747,32.713,33.377,25.9,13.906,5.963,2.192,0.753,0.22,0.017,0.024,0,0,0,0,0,0,72,82
40,0.016288,268.044,0,0,0,0,0,0,0,0,0,0,0,0,0,0,0,0,0,0,0.032,0.682,2.255,2.771,3.053,5.252,4.781,6.384,4.762,5.2,5.588,5.137,4.71,4.52,4.721,4.633,3.643,2.651,2.94,2.509,2.457,2.041,1.805,2.328,2.015,2.896,3.144,3.681,4.694,5.285,5.544,7.303,7.169,9.069,11.264,13.349,16.097,16.758,19.293,20.933,17.629,10.01,4.67,1.576,0.518,0.176,0.078,0.015,0.024,0,0,0,0,0,0,75,86
41,0.022292,256.802,0,0,0,0,0,0,0,0,0,0,0,0,0,0,0,0,0,0,0,0.304,1.846,2.404,3.803,4.103,4.084,4.532,3.747,4.503,3.584,4.563,4.235,5.206,4.32,4.046,3.407,2.945,2.361,2.361,1.544,2.144,1.726,1.346,1.77,2.11,2.354,3.197,3.293,3.873,3.528,6.468,5.414,6.497,8.664,10.372,12.566,14.871,19.056,19.895,18.836,16.572,12.09,7.338,2.869,1.297,0.495,0.076,0.039,0.039,0.039,0.038,0,0,0.038,82,86
42,0.034607,286.435,0,0,0,0,0,0,0,0,0,0,0,0,0,0,0,0,0,0,0,0.661,1.552,1.645,2.85,3.076,3.145,4.138,3.32,3.021,3.784,2.798,3.221,3.445,2.432,2.996,2.39,2.607,1.87,2.218,1.665,1.775,1.47,1.464,1.553,1.301,1.624,2.208,2.859,3.111,3.69,3.848,6.27,5.475,7.833,10.74,12.505,18.113,20.826,24.113,26.208,26.475,21.244,15.471,8.239,3.138,1.436,0.471,0.102,0.018,0.021,0,0,0,0,86,83
43,0.035664,303.455,0,0,0,0,0,0,0,0,0,0,0,0,0,0,0,0,0,0,0.032,0.346,1.076,2.221,2.649,3.934,2.919,3.695,3.655,3.742,4.202,2.917,2.821,2.985,2.949,2.641,2.442,2.165,1.814,1.921,1.539,1.272,0.958,1.738,1.249,1.786,1.702,1.833,2.298,3.064,3.02,4.935,4.487,6.922,7.506,11.055,15.031,19.613,23.912,28.548,32.864,32.656,22.752,12.786,5.604,1.879,0.699,0.324,0.208,0.068,0.021,0,0,0,0,86,80
44,0.029316,243.849,0,0,0,0,0,0,0,0,0,0,0,0,0,0,0,0,0,0,0,0.54,1.147,1.878,2.175,3.207,3.078,2.741,3.145,3.024,2.759,2.73,2.019,2.222,2.554,2.617,1.777,1.79,1.926,1.357,1.592,1.448,1.574,1.186,1.123,1.51,1.863,2.122,2.147,3.441,3.077,3.29,5.044,5.745,7.032,8.513,10.3,13.078,18.109,20.196,23.586,23.256,19.112,11.923,6.36,2.724,1.124,0.55,0.14,0,0,0,0,0,0,83,73
45,0.031854,281.568,0,0,0,0,0,0,0,0,0,0,0,0,0,0,0,0,0,0,0.073,0.277,1.636,2.508,2.631,2.954,3.806,3.375,2.644,2.916,2.416,2.695,2.395,2.207,2.045,2.228,1.975,1.467,1.467,1.423,1.583,1.383,0.946,1.162,1.402,1.528,1.449,1.631,2.207,3.163,3.492,4.011,4.559,6.233,7.509,9.948,13.649,16.82,23.646,30.605,33.464,33.363,22.452,9.379,2.109,0.495,0.091,0.076,0.079,0,0,0,0,0,0,80,71
46,0.024482,223.066,0,0,0,0,0,0,0,0,0,0,0,0,0,0,0,0,0,0,0,0.492,1.002,1.402,1.849,2.403,2.423,2.634,2.176,2.337,2.136,2.022,1.549,2.155,2.234,1.583,1.336,1.621,1.316,1.626,1.109,0.758,0.893,1.281,1.503,1.296,1.364,1.346,2.033,2.53,3.143,3.509,4.217,4.897,6.565,8.627,10.033,14.477,19.47,23.777,25.773,24.99,15.655,6.928,1.878,0.378,0.228,0.037,0.071,0.006,0,0,0,0,0,73,72
47,0.02759,297.421,0,0,0,0,0,0,0,0,0,0,0,0,0,0,0,0,0,0,0,0.738,1.256,2.038,2.454,2.858,2.885,2.85,2.923,3.199,2.501,2.045,1.943,1.926,1.862,2.079,1.606,1.379,1.513,1.289,1.274,1.468,1.462,1.601,1.315,1.904,2.307,2.443,2.63,3.417,5.051,6.034,7.271,8.835,11.113,16.55,21.256,25.488,32.004,34.633,32.192,22.681,10.213,3.707,0.89,0.1,0.006,0.045,0.149,0,0.038,0,0,0,0,71,74
48,0.026445,299.473,0,0,0,0,0,0,0,0,0,0,0,0,0,0,0,0,0,0,0,0.344,1.151,1.717,2.045,2.735,3.259,2.869,3.108,2.508,2.297,1.997,2.076,2.234,2.22,1.737,1.799,1.335,1.513,1.406,1,0.995,1.193,1.396,1.474,1.871,2.209,2.454,2.948,3.6,5.157,5.901,7.219,10.706,13.766,17.747,21.994,26.518,33.363,37.238,32.513,19.649,6.942,2.54,0.548,0.061,0.08,0.015,0.024,0,0,0,0,0,0,72,76
49,0.027026,306.417,0,0,0,0,0,0,0,0,0,0,0,0,0,0,0,0,0,0,0,0.375,1.039,1.902,2.451,1.998,2.545,2.612,2.64,2.056,2.598,2.605,2.18,2.185,1.9,1.54,1.44,1.4,1.615,1.067,1.038,1.052,1.633,1.248,1.492,1.803,2.007,2.657,3.392,4.87,5.498,6.449,9.252,9.703,12.627,18.064,22.066,30.854,36.868,37.944,30.824,18.751,6.363,2.371,0.859,0.329,0.176,0.017,0.024,0,0,0.038,0,0,0,74,82
50,0.024595,307.785,0,0,0,0,0,0,0,0,0,0,0,0,0,0,0,0,0,0,0.032,0.728,1.914,2.106,3.597,3.762,3.484,3.246,3.267,2.94,3.47,2.796,3.049,2.9,2.484,2.165,2.207,1.687,2.105,2.043,2.021,1.796,1.078,1.894,1.717,2.286,2.814,2.502,4.33,4.081,5.97,7.586,8.675,9.814,14.227,17.196,22.549,28.129,32.927,34.065,25.343,16.456,6.498,2.862,0.555,0.214,0.18,0.038,0,0,0,0,0,0,0,76,84
51,0.021923,268.185,0,0,0,0,0,0,0,0,0,0,0,0,0,0,0,0,0,0,0,0.425,1.312,1.871,2.821,2.503,3.772,2.308,3.351,2.495,2.555,2.629,1.85,2.16,2.493,1.851,2.165,1.702,1.181,1.451,1.465,1.254,1.05,1.482,1.472,2.204,1.991,2.713,3.26,4.616,5.379,6.025,8.11,8.846,10.888,14.825,18.767,23.215,29.807,30.691,25.672,15.755,5.736,1.281,0.569,0.05,0.089,0.076,0,0,0,0,0,0,0,82,85
52,0.024357,288.618,0,0,0,0,0,0,0,0,0,0,0,0,0,0,0,0,0,0,0.032,0.387,1.571,2.451,3.269,4.036,3.801,3.751,2.582,2.993,2.339,3.068,2.26,2.682,2.05,2.411,2.161,1.759,1.832,1.902,1.56,1.382,1.369,1.443,1.63,2.123,2.229,2.712,3.229,4.012,4.313,6.201,7.582,9.427,13.266,16.132,21.04,22.399,27.888,32.717,30.098,16.662,7.788,2.875,0.759,0.252,0.08,0.076,0,0,0,0,0.038,0,0,84,90
53,0.024453,324.673,0,0,0,0,0,0,0,0,0,0,0,0,0,0,0,0,0,0,0.138,0.409,1.799,3.153,3.403,3.447,3.653,3.941,3.701,3.276,3.939,3.154,2.675,2.58,3.224,2.271,2.511,2.063,1.731,1.726,1.5,1.83,1.829,1.636,1.695,2.715,2.943,3.816,4.752,5.477,7.379,8.938,9.93,12.445,15.448,19.586,25.014,30.985,33.629,34.05,24.362,12.583,5.916,2.183,0.696,0.281,0.108,0.039,0,0.018,0.059,0,0,0.038,0,85,99
54,0.013368,256.028,0,0,0,0,0,0,0,0,0,0,0,0,0,0,0,0,0,0,0.032,0.854,2.628,3.855,4.903,6.028,5.814,7.045,6.271,5.256,5.339,5.03,5.081,4.763,4.162,4.115,3.91,3.01,2.535,2.584,2.611,2.117,2.515,2.252,2.645,3.152,3.675,3.411,4.099,5.196,5.932,8.194,8.549,10.77,10.04,12.267,14.568,15.27,14.548,14.894,10.826,8.57,3.962,2.016,0.5,0.146,0.011,0.037,0,0.039,0,0,0,0,0,90,108
55,0.016982,290.779,0,0,0,0,0,0,0,0,0,0,0,0,0,0,0,0,0,0,0,0.919,2.911,4.203,5.375,6.146,6.444,5.693,5.281,5.528,5.264,4.843,4.695,4.299,4.468,4.356,3.68,2.76,2.53,2.77,2.788,2.742,1.975,1.981,2.642,3.135,3.938,3.931,4.346,5.263,6.652,8.48,9.279,9.41,12.523,15.151,17.347,20.834,21.066,20.19,18.421,10.402,4.01,1.597,0.41,0.078,0.022,0,0,0,0,0,0,0,0,99,117
56,0.016153,263.662,0,0,0,0,0,0,0,0,0,0,0,0,0,0,0,0,0,0,0.065,0.938,2.544,3.897,5.031,5.919,5.768,5.045,4.81,4.533,4.178,5.018,4.044,3.866,4.529,3.841,3.478,2.915,2.557,2.404,2.56,1.952,1.529,2.342,2.11,2.961,3.296,3.654,4.377,5.2,6.007,6.222,7.954,9.455,9.652,12.685,15.603,17.475,19.291,18.475,16.589,10.603,5.521,1.992,0.581,0.156,0.039,0,0,0,0,0,0,0,0,108,119
57,0.020068,252.095,0,0,0,0,0,0,0,0,0,0,0,0,0,0,0,0,0,0,0,0.666,1.087,2.513,1.9,2.027,3.071,2.642,2.594,2.086,2.522,2.013,2.01,2.297,2.329,1.805,1.926,1.788,1.681,1.63,1.479,1.785,1.039,1.311,1.678,1.942,2.427,3.094,2.872,4.423,5.127,6.317,7.209,9.228,12.481,14.763,18.349,23.424,26.516,24.694,21.307,12.349,6.08,2.47,0.755,0.28,0.072,0.037,0,0,0,0,0,0,0,117,121
58,0.018324,266.021,0,0,0,0,0,0,0,0,0,0,0,0,0,0,0,0,0,0,0,0.591,1.613,1.982,2.631,3.037,2.938,2.871,3.468,3.186,2.793,2.716,2.797,3.438,2.798,2.892,3.234,1.966,1.638,2.346,1.817,2.062,2.045,2.04,1.399,2.658,2.81,3.304,3.665,5.901,6.628,7.745,9.274,11.461,14.891,17.009,19.696,24.231,22.817,21.059,15.661,10.023,5.392,1.952,1.105,0.27,0.137,0.039,0,0,0,0,0,0,0,119,118
59,0.0198,278.661,0,0,0,0,0,0,0,0,0,0,0,0,0,0,0,0,0,0,0.073,0.559,1.417,2.264,2.469,2.942,3.123,3.059,2.782,2.437,3.143,2.353,2.811,2.831,2.958,2.763,1.983,2.069,2.219,1.845,1.652,1.596,1.77,1.831,1.797,2.959,2.903,3.902,3.636,5.739,6.804,7.833,9.317,12.868,14.823,17.318,20.71,24.92,27.59,26.061,18.253,10.978,5.046,1.562,0.324,0.127,0.088,0.015,0.095,0.006,0.038,0,0,0,0,121,112
60,0.020778,285.816,0,0,0,0,0,0,0,0,0,0,0,0,0,0,0,0,0,0,0.032,0.757,1.619,2.41,2.312,2.991,3.233,3.133,3.001,2.311,2.575,2.465,2.552,2.173,2.543,2.078,2.788,1.807,1.761,2.229,1.842,1.708,1.53,1.789,2.077,2.781,2.491,3.394,4.173,5.524,7.247,7.584,9.167,13.334,16.128,19.537,22.676,24.858,27.869,25.591,19.624,11.574,5.1,2.241,0.718,0.284,0.206,0,0,0,0,0,0,0,0,118,112
PROMEDIO,0.031037817,194.18535,0,0,0,0,0,0,0,0,0,0,0,0,0,0,0,0,0,0,0.014553333,0.312338333,0.879351667,1.359191667,1.699608333,2.095995,2.188623333,2.26215,2.157621667,2.097906667,2.17799,2.090515,1.994595,2.05145,2.05165,1.866493333,1.715988333,1.455025,1.350195,1.265176667,1.124763333,1.042045,0.959448333,1.03196,1.035865,1.279951667,1.437476667,1.62394,1.917316667,2.467215,2.875185,3.449673333,3.973113333,4.836131667,5.99826,7.549066667,9.428156667,11.69923,14.11444667,15.65623,15.217365,12.94893,9.170461667,6.765755,5.30553,4.550365,4.297306667,3.685785,2.930633333,1.81391,0.677641667,0.177073333,0.042693333,0.013788333,0.002531667,71.16666667,72.85
