Tiempo (min),LWC (g/m3),Cn(P/cm3),0.104,0.111,0.12,0.129,0.138,0.149,0.16,0.172,0.184,0.198,0.213,0.229,0.246,0.264,0.284,0.305,0.328,0.352,0.379,0.407,0.437,0.47,0.505,0.543,0.583,0.627,0.674,0.724,0.778,0.836,0.898,0.965,1.037,1.115,1.198,1.287,1.383,1.486,1.597,1.717,1.845,1.982,2.13,2.289,2.46,2.643,2.841,3.053,3.28,3.525,3.788,4.071,4.374,4.701,5.051,5.428,5.833,6.268,6.736,7.239,7.779,8.359,8.983,9.653,10.373,11.147,11.979,12.872,13.833,14.865,15.974,17.165,18.446,Visibilidad (m),Visibilidad corregida (m)
1,0.006716,164.377,0,0,0,0,0,0,0,0,0,0,0,0,0,0,0,0,0,0,0.142,2.742,6.402,9.087,10.507,11.048,10.901,8.65,7.454,6.945,4.872,4.409,3.947,3.389,3.254,2.125,1.736,1.857,1.544,1.546,1.218,1.184,1.233,1.393,1.09,1.354,1.386,1.759,1.714,3.04,2.566,2.935,3.181,3.094,3.706,4.197,4.171,3.883,3.213,3.194,2.257,2.15,1.56,1.421,1.191,1.322,0.944,0.79,0.512,0.086,0.013,0.026,0.039,0,0,18,18
2,0.006458,143.769,0,0,0,0,0,0,0,0,0,0,0,0,0,0,0,0,0,0,0.118,1.836,6.36,7.266,8.968,10.288,9.353,9.405,7.634,7.351,5.744,4.476,4.075,3.739,2.68,2.5,2.305,1.4,1.019,1.249,0.821,0.762,0.609,0.638,0.788,0.953,0.983,1.057,1.521,1.264,1.742,1.864,1.845,1.941,2.299,2.671,3.154,2.752,2.665,2.094,2.214,2.547,1.791,1.275,1.457,1.63,1.399,0.814,0.176,0.177,0.061,0.039,0,0,0,18,18
3,0.004413,144.526,0,0,0,0,0,0,0,0,0,0,0,0,0,0,0,0,0,0,0.066,2.401,5.398,8.015,9.681,9.5,10.591,8.813,7.78,6.574,5.512,4.32,5.202,3.331,3.398,2.022,1.74,2.001,1.16,1.82,1.089,1.011,0.86,0.759,0.622,0.94,0.821,1.346,1.458,1.772,2.026,2.197,2.306,2.557,3.018,2.812,3.216,3.06,3.154,2.345,1.628,1.392,0.852,1.032,0.828,0.679,0.831,0.352,0.147,0.091,0,0,0,0,0,18,18
4,0.004142,161.933,0,0,0,0,0,0,0,0,0,0,0,0,0,0,0,0,0,0,0.033,2.631,6.101,9.773,11.89,10.42,11.125,10.886,9.108,7.094,8.426,6.201,4.798,4.404,4.419,3.114,2.125,1.661,1.049,1.051,0.733,0.858,1.151,1.225,1.023,0.861,0.724,1.681,1.566,2.168,2.032,2.238,2.594,2.334,2.691,2.937,2.934,3.344,2.801,2.353,2.072,1.132,1.244,0.575,0.653,0.622,0.412,0.279,0.246,0.059,0.082,0,0,0,0,18,18
5,0.009416,181.18,0,0,0,0,0,0,0,0,0,0,0,0,0,0,0,0,0,0,0.042,2.563,6.267,8.955,10.871,13.616,12.439,10.513,9.254,7.86,6.985,6.202,4.457,4.142,3.923,2.719,1.501,1.338,0.944,1.737,1.046,1.229,0.853,1.423,0.942,1.346,0.877,1.564,2.112,2.091,2.231,2.762,3.341,3.262,3.428,3.585,3.337,3.738,4.159,3.393,3.008,2.56,2.091,2.166,1.809,2.13,1.73,1.433,0.781,0.208,0.1,0.039,0.078,0,0,18,18
6,0.005485,137.04,0,0,0,0,0,0,0,0,0,0,0,0,0,0,0,0,0,0,0.1889,2.1713,5.3357,7.2974,9.3223,8.9075,9.6181,8.1158,6.8988,6.1801,5.5464,4.2586,3.695,3.37,2.9124,2.3875,1.7925,1.597,1.1681,0.8441,0.8282,0.9603,0.6848,1.0033,0.6682,0.7927,0.8877,1.204,1.5555,1.2803,1.509,1.4598,2.0101,2.3702,2.7803,2.435,3.5032,2.9971,2.9631,2.3855,2.0833,2.046,1.5428,1.4374,1.2519,1.0301,0.8629,0.37,0.3957,0.0566,0.0517,0.0258,0,0,0,18,18
7,0.004929,159.937,0,0,0,0,0,0,0,0,0,0,0,0,0,0,0,0,0,0,0,2.398,5.927,8.96,11.045,11.148,11.011,9.51,9.221,7.001,7.372,5.763,4.342,3.748,3.554,2.946,2.146,1.552,1.25,1.267,1.153,0.968,1.097,1.041,1.1,1.201,1.156,1.285,1.754,2.026,2.378,2.656,2.436,2.479,2.937,2.859,3.206,3.115,2.111,2.515,2.39,1.944,1.698,1.149,1.121,0.635,0.592,0.434,0.3,0.039,0,0,0,0,0,18,18
8,0.011154,170.558,0,0,0,0,0,0,0,0,0,0,0,0,0,0,0,0,0,0,0.034,2.094,5.379,8.323,9.608,11.546,10.985,9.798,8.827,6.165,6.857,4.195,3.02,3.294,2.624,2.308,1.395,1.964,1.459,1.255,1.039,1.397,0.925,0.816,1.159,1.124,1.32,1.843,2.073,1.833,2.254,2.582,2.635,3.58,3.334,3.444,4.243,3.812,4.384,3.668,3.547,2.99,2.194,2.452,2.614,2.595,2.128,1.912,1.037,0.351,0.105,0,0.035,0.005,0,18,18
9,0.010948,153.404,0,0,0,0,0,0,0,0,0,0,0,0,0,0,0,0,0,0,0.139,2.231,5.83,8.126,8.673,10.302,10.111,8.226,6.409,5.886,4.792,3.158,3.19,2.463,2.081,1.9,1.667,1.138,1.236,1.212,0.978,0.749,0.79,0.742,0.822,0.861,1.214,1.108,1.678,2.029,2.025,2.151,1.953,2.904,3.073,3.807,3.249,4.292,4.088,3.354,3.464,2.915,2.33,2.932,3.282,2.679,2.64,1.392,0.844,0.152,0.099,0,0.033,0.005,0,18,20
10,0.009338,146.294,0,0,0,0,0,0,0,0,0,0,0,0,0,0,0,0,0,0,0.0767,2.9459,6.0042,7.7063,9.2545,9.0629,8.4285,7.5344,7.1493,5.4033,4.8043,3.6361,2.6623,2.2301,1.8444,1.8085,1.3904,1.3337,1.5825,0.9569,1.151,0.918,0.7054,0.7054,0.9829,1.0796,1.4439,1.2777,1.369,1.4804,1.544,2.368,2.7868,2.7268,2.2055,3.3856,3.4871,4.0607,4.1476,3.0084,2.8848,3.0029,2.4805,2.4594,2.6272,2.4355,2.1033,0.9936,0.38,0.1176,0.0268,0.0736,0.0201,0.0398,0,18,20
11,0.006506,138.546,0,0,0,0,0,0,0,0,0,0,0,0,0,0,0,0,0,0,0.135,2.217,6.791,7.717,9.746,10.471,8.762,8.04,6.711,6.054,5.624,4.241,3.155,2.57,1.574,1.647,1.249,1.095,0.921,0.923,1.16,1.103,0.806,0.636,0.672,0.956,1.008,0.761,1.625,2.098,1.796,2.048,1.999,2.929,2.555,3.087,2.445,3.085,2.785,2.88,1.906,1.515,1.505,1.362,1.839,1.654,1.519,0.611,0.305,0.146,0.063,0.041,0,0,0,20,18
12,0.010226,170.827,0,0,0,0,0,0,0,0,0,0,0,0,0,0,0,0,0,0,0.033,2.46,6.631,8.013,9.962,11.409,10.882,8.433,7.886,6.171,6.654,4.953,4.137,3.206,2.224,1.766,1.968,1.184,1.274,1.305,0.978,0.797,1.113,0.866,1.036,0.841,1.296,1.673,2.017,2.135,2.328,2.876,2.632,3.331,3.829,4.082,4.606,4.977,5.079,4.156,3.13,3.338,2.532,2.044,1.824,2.473,1.67,1.568,0.523,0.229,0.114,0.105,0.079,0,0,20,18
13,0.006644,166.615,0,0,0,0,0,0,0,0,0,0,0,0,0,0,0,0,0,0,0.085,1.526,5.661,7.315,9.57,10.614,10.004,9.311,9.19,7.871,6.611,6.331,4.153,4.084,3.385,2.574,2.351,2.128,1.665,1.576,1.355,1.036,0.891,1.126,1.062,1.335,1.442,1.628,1.689,2.447,2.718,2.554,3.076,3.064,3.274,3.303,4.383,3.972,4.426,3.418,2.327,2.196,2.011,1.6,1.449,0.87,1,0.323,0.269,0.166,0.027,0.132,0.04,0,0,18,18
14,0.006859,162.407,0,0,0,0,0,0,0,0,0,0,0,0,0,0,0,0,0,0,0.0417,2.2161,6.2436,7.0692,7.8214,9.057,8.7566,7.5454,6.4786,5.5604,6.1048,4.9419,3.8382,3.3864,3.4767,2.5923,2.2332,2.5291,1.8327,1.8352,1.7103,1.3908,1.1165,1.29,1.5207,1.7734,2.0715,2.0577,2.0145,3.0846,2.969,3.4393,3.2557,3.4346,4.2503,4.3849,3.8208,3.9952,4.5805,3.2249,3.0393,1.956,2.0303,1.7887,1.3755,1.3825,0.9441,0.4834,0.4105,0.0119,0.0393,0,0,0,0,18,18
15,0.004687,133.963,0,0,0,0,0,0,0,0,0,0,0,0,0,0,0,0,0,0,0.073,2.024,5.297,6.121,9.054,10.81,8.184,6.925,5.512,4.434,4.553,3.801,2.702,2.599,2.22,2.234,1.946,1.378,1.677,1.362,1.516,1.016,1.252,0.964,1.583,1.49,1.16,1.355,1.978,1.594,2.165,2.822,2.379,2.542,3.256,3.347,3.451,2.94,3.37,2.763,1.635,1.53,1.259,1.164,0.631,0.634,0.525,0.329,0.266,0.023,0.039,0.019,0.053,0.005,0,18,18
16,0.005926,129.094,0,0,0,0,0,0,0,0,0,0,0,0,0,0,0,0,0,0,0.0652,1.7957,4.7821,8.1232,9.0556,9.0352,6.9791,5.6439,5.1128,3.9051,3.5093,2.8874,1.6355,2.0524,1.5823,1.3546,1.3735,0.902,1.2555,1.2999,0.9665,1.0949,1.0788,1.1255,1.172,1.0164,1.5208,1.4211,2.0679,2.3448,2.4735,2.3838,2.4603,2.8562,2.7955,3.2558,3.7395,3.3618,4.2122,3.6984,2.5242,2.1723,2.0035,1.5603,1.3774,0.6667,0.5001,0.4459,0.2796,0.0917,0,0,0.0719,0.0049,0,18,18
17,0.005206,94,0,0,0,0,0,0,0,0,0,0,0,0,0,0,0,0,0,0,0.0741,1.6978,3.9414,6.1456,7.1715,5.5554,4.8291,4.4962,3.2014,3.1496,2.0887,1.7295,1.1402,1.6517,0.9531,1.0037,0.8993,0.8569,0.7891,0.7832,0.815,0.8641,0.7477,0.8146,0.4756,0.5066,1.1942,1.1522,0.8324,1.2467,1.5862,1.7783,1.7146,1.7409,1.8814,2.1981,2.9899,2.6392,2.1928,2.7155,1.9981,2.2672,1.9965,1.9294,1.0393,1.3109,0.5909,0.3566,0.19,0,0.078,0,0,0,0,18,18
18,0.005386,95.541,0,0,0,0,0,0,0,0,0,0,0,0,0,0,0,0,0,0,0.1152,1.2472,3.7191,4.1362,5.5083,6.5308,5.3535,4.1619,3.1117,2.9543,2.3071,2.4762,1.4413,1.3957,1.551,1.0492,0.8937,0.7532,0.9941,1.1866,0.7369,0.8739,0.5312,0.5305,0.6654,0.7013,0.8819,1.2531,1.6091,1.244,1.7836,1.469,1.5427,2.3181,2.1746,2.2111,2.5202,3.2212,2.7196,3.1119,2.7198,2.1913,2.2309,1.9413,1.4842,0.9695,0.5147,0.2846,0.1024,0.0959,0.0211,0,0,0,0,18,18
19,0.006635,114.975,0,0,0,0,0,0,0,0,0,0,0,0,0,0,0,0,0,0,0,1.4573,5.2599,5.6684,6.6933,5.7443,5.2361,4.3272,4.1929,3.2594,2.4141,1.6754,2.2228,1.5739,1.6581,1.6915,1.4269,1.0415,0.8897,0.9438,1.0282,0.9302,1.2017,1.2445,0.7365,1.4288,1.3877,1.4198,1.6722,1.9578,2.6188,2.4268,2.4235,2.9586,3.2352,3.1486,3.5964,4.0035,3.7679,3.1428,2.41,2.0021,2.0549,2.1664,1.6663,1.0781,0.9221,0.4912,0.2051,0.1174,0.0908,0.0259,0.0385,0,0,18,18
20,0.004199,155.059,0,0,0,0,0,0,0,0,0,0,0,0,0,0,0,0,0,0,0,1.9643,4.411,7.3514,9.1794,8.7639,7.8697,7.5043,6.5779,5.4901,5.7535,5.2836,4.5182,3.751,4.0395,3.3355,2.6803,2.5046,2.1911,1.9645,2.196,1.568,1.3463,1.2628,1.8103,1.7942,2.4131,2.4152,2.3712,2.8398,3.3317,2.6784,3.1285,3.6483,3.3294,3.5539,3.5663,3.5721,3.3164,2.7333,1.5866,1.2484,1.5746,0.8858,0.5543,0.4405,0.3251,0.3456,0.0835,0.006,0,0,0,0,0,18,18
21,0.009135,205.371,0,0,0,0,0,0,0,0,0,0,0,0,0,0,0,0,0,0,0.125,2.334,6.374,8.561,9.625,10.865,10.629,9.332,7.719,6.026,5.547,5.041,3.981,4.079,3.614,3.195,3.15,2.359,2.234,2.337,2.589,2.095,1.763,1.991,2.322,1.993,2.822,2.66,3.018,3.741,5.021,4.68,4.534,5.997,5.96,6.77,6.661,6.327,6.044,4.421,3.783,3.251,2.593,1.858,1.887,1.4,0.996,0.304,0.396,0.084,0.138,0.085,0.02,0.039,0,18,20
22,0.005754,135.785,0,0,0,0,0,0,0,0,0,0,0,0,0,0,0,0,0,0,0.066,2.1908,4.794,7.972,8.8258,8.7238,6.9683,7.3115,4.575,4.5625,3.7804,2.7498,2.7682,2.7926,2.0525,1.069,1.7998,1.2917,1.5207,1.3368,1.3903,1.1652,1.3219,1.2719,1.3788,1.0816,1.3679,1.9138,2.0597,2.1488,2.6542,2.1938,3.3075,3.6587,3.0243,3.2054,3.2172,3.961,3.1703,3.5665,2.3524,2.0289,1.8617,1.7945,1.3282,1.0332,0.6237,0.227,0.2079,0.018,0.0997,0,0,0,0,18,20
23,0.008204,142.465,0,0,0,0,0,0,0,0,0,0,0,0,0,0,0,0,0,0,0.0326,2.0797,5.2105,7.5616,8.1498,8.5844,7.3346,6.1105,4.3634,3.8549,3.1723,2.7225,2.2778,1.7294,1.508,1.4878,1.382,1.2487,0.9965,1.206,0.9643,1.1475,1.1472,1.0117,1.0141,1.3816,1.7076,2.2129,2.2505,2.7306,2.8072,3.1067,3.0874,3.5806,3.9225,4.3493,4.7615,4.5812,4.7231,4.1146,3.409,2.558,2.6559,2.4352,1.9989,1.5171,1.1467,0.5692,0.3536,0.1465,0.0211,0.0386,0,0,0,20,21
24,0.004494,148.868,0,0,0,0,0,0,0,0,0,0,0,0,0,0,0,0,0,0,0.0649,1.6605,5.477,7.9347,8.7947,8.9882,9.28,7.1832,6.004,4.7369,3.7393,3.6199,3.1661,2.193,2.4477,1.4549,1.5561,1.6544,1.6709,1.4193,1.4681,1.4407,1.3116,1.2062,1.4436,1.5221,1.915,2.4193,2.7121,3.5557,3.3913,3.7266,3.0525,4.2916,5.26,4.7322,4.6195,4.0955,3.5256,3.2643,2.3372,1.0999,1.0478,0.549,0.5266,0.5942,0.2892,0.3622,0.0239,0.0177,0.021,0,0,0,0,20,20
25,0.007498,172.936,0,0,0,0,0,0,0,0,0,0,0,0,0,0,0,0,0,0,0.065,2.526,6.413,9.02,9.539,11.145,11.056,8.945,7.018,6.318,4.66,4.07,3.235,3.542,3.035,2.67,1.761,2.015,1.323,1.571,1.5,1.387,1.1,1.059,1.13,1.719,2.132,2.244,2.22,2.499,3.629,3.852,3.666,4.578,3.705,4.288,5.319,4.701,4.883,4.023,3.477,1.964,1.576,1.296,1.514,1.168,0.954,0.634,0.428,0.226,0.063,0.038,0.038,0,0,21,20
26,0.011572,198.258,0,0,0,0,0,0,0,0,0,0,0,0,0,0,0,0,0,0,0.098,2.448,7.063,9.113,11.605,11.06,10.517,8.417,7.942,7.1,4.802,3.961,4.882,3.138,2.654,2.756,2.704,2.112,1.716,1.809,1.58,1.792,1.997,1.798,1.847,2.005,2.31,2.002,2.275,3.258,3.584,3.647,4.031,4.21,4.774,5.007,5.588,6.118,5.883,5.39,5.175,3.683,2.603,2.553,2.291,2.359,2.141,1.55,0.648,0.108,0.091,0.026,0.034,0.005,0,20,20
27,0.007721,167.286,0,0,0,0,0,0,0,0,0,0,0,0,0,0,0,0,0,0,0.074,2.464,6.15,8.598,10.818,11.213,9.352,7.716,6.805,4.905,4.755,3.776,2.92,2.606,2.358,2.215,1.669,1.511,1.451,1.704,1.429,1.271,1.244,1.598,1.558,1.748,1.725,2.034,2.589,2.733,3.002,3.333,3.494,4.1,4.587,4.084,5.112,4.478,5.143,3.891,3.396,2.367,2.472,1.579,1.721,1.303,1.033,0.581,0.401,0.219,0,0,0,0,0,20,20
28,0.007735,184.933,0,0,0,0,0,0,0,0,0,0,0,0,0,0,0,0,0,0,0.074,2.262,6.037,9.042,11.129,11.254,10.713,9.937,7.531,6.837,5.712,5.345,4.113,3.516,2.909,2.108,2.317,1.91,1.832,2.098,1.866,1.604,1.2,1.705,1.456,1.829,1.988,2.556,2.532,2.92,2.687,3.23,3.357,4.474,4.537,4.61,5.343,5.695,4.949,3.839,3.719,3.381,2.067,1.764,1.88,1.332,1.001,0.391,0.19,0.114,0.042,0,0,0,0,20,20
29,0.006699,140.384,0,0,0,0,0,0,0,0,0,0,0,0,0,0,0,0,0,0,0.0989,2.2945,5.5357,7.2529,8.4236,8.318,8.022,7.553,5.4104,6.1581,4.9563,3.3348,3.033,3.433,2.513,2.0821,2.2413,1.4862,0.9682,1.4553,1.4115,1.1519,0.9127,0.7016,1.1123,1.3874,1.1391,1.4485,1.903,2.2522,2.0383,2.1789,2.4804,2.3395,2.8124,2.699,3.5348,3.3246,3.2206,3.6152,2.3195,2.2515,2.1254,2.3743,1.8049,1.3574,0.942,0.5621,0.316,0.0965,0,0,0,0,0,20,20
30,0.005489,99.189,0,0,0,0,0,0,0,0,0,0,0,0,0,0,0,0,0,0,0.0333,1.302,3.9092,5.2992,5.3239,5.9343,5.6465,4.1739,3.2079,3.0801,2.1847,2.5589,2.3977,1.736,1.3688,1.1644,1.0202,1.2781,1.1414,1.2069,1.2036,0.9814,0.7927,0.811,0.6984,1.1168,0.8528,1.0548,1.2015,1.3748,1.2645,2.2838,1.4547,2.0795,2.1117,2.1565,2.8429,3.0766,2.6383,2.558,2.7007,2.3567,1.7683,1.8676,1.6295,1.0882,0.7413,0.323,0.1533,0,0,0,0,0.039,0,20,20
31,0.008055,144.621,0,0,0,0,0,0,0,0,0,0,0,0,0,0,0,0,0,0,0.1492,1.6445,4.8645,5.7303,7.0816,8.5166,7.2235,7.0524,4.3152,4.4891,4.3778,3.6316,3.1202,2.1552,2.1053,1.6855,1.3775,1.2077,1.5696,1.0853,0.9436,1.2478,1.1004,1.0125,1.1842,1.2778,1.2217,1.8198,1.3845,1.9015,2.3621,3.6625,3.1563,4.1957,3.6466,3.6487,4.883,6.0757,4.9825,4.6996,3.0415,2.9168,3.4197,2.2186,2.0587,1.5748,0.9298,0.2295,0.3406,0.0631,0.0392,0,0,0,0,20,21
32,0.007431,153.836,0,0,0,0,0,0,0,0,0,0,0,0,0,0,0,0,0,0,0.1177,1.9908,4.77,8.0446,7.9486,8.6116,7.6004,7.8155,7.2243,5.5002,4.4855,4.2215,3.4493,3.0447,2.3289,1.9122,2.1769,1.4987,1.2216,1.9974,1.2527,1.2403,1.1317,1.3055,1.1128,1.3974,1.4045,2.0113,2.2373,2.4298,3.0977,2.8652,2.9375,3.2109,3.7195,4.1716,3.5724,4.2043,4.8765,4.2815,3.0567,2.8672,2.3453,2.2855,1.6409,1.4563,0.7295,0.6088,0.3218,0.0821,0.0216,0,0,0,0,20,20
33,0.005822,127.939,0,0,0,0,0,0,0,0,0,0,0,0,0,0,0,0,0,0,0.1152,1.9665,4.6287,5.5187,6.6591,7.4813,6.0966,5.56,5.4586,4.4683,4.7194,4.1518,3.6379,2.4194,2.9664,1.7774,1.3678,1.5843,1.4026,1.1857,1.1052,0.9556,0.9384,0.9092,0.965,1.5027,1.3229,1.3637,1.9027,2.0671,2.0725,2.5918,2.5219,2.4401,2.7909,2.5965,3.3479,3.9801,3.4135,3.2883,2.5966,2.464,2.4043,1.577,1.4123,0.8917,0.8445,0.3013,0.1597,0.045,0,0,0,0,0,21,20
34,0.008229,182.342,0,0,0,0,0,0,0,0,0,0,0,0,0,0,0,0,0,0,0.0435,2.9007,4.814,6.9147,7.4288,9.2243,7.2538,7.1714,6.4788,5.7429,6.4901,5.7272,4.6646,5.3338,4.7428,4.2403,3.9064,2.8429,3.236,2.2412,1.8752,1.8017,1.7997,2.1182,1.2926,1.8326,1.9936,1.8003,1.993,2.4693,3.508,3.8509,3.0776,4.0322,4.6926,6.121,5.0938,5.1173,5.9651,4.9294,3.2355,2.5421,2.8762,1.7883,1.6141,1.3204,1.1795,0.5507,0.2617,0.1263,0.0445,0.0408,0,0,0,20,20
35,0.006252,122.202,0,0,0,0,0,0,0,0,0,0,0,0,0,0,0,0,0,0,0.0339,1.6548,4.4675,4.8495,6.0057,5.9753,6.5078,4.7606,4.2942,3.3074,3.9751,3.2923,3.0185,2.2719,1.9695,1.866,1.6543,1.6457,1.2886,1.2263,1.1809,0.8672,1.2846,1.2287,1.0908,1.3385,1.5781,1.458,1.4579,2.7134,2.5404,2.101,2.6258,2.9227,2.8794,3.403,3.9586,3.9116,3.6334,3.3234,2.9359,1.9704,1.6354,1.8577,1.8318,0.9747,0.6238,0.5554,0.0532,0.0811,0,0.0402,0.0696,0.0102,0,20,20
36,0.005438,98.676,0,0,0,0,0,0,0,0,0,0,0,0,0,0,0,0,0,0,0.042,1.3319,3.7623,4.5986,5.0775,4.1381,2.9788,3.2256,2.5893,2.541,2.2035,1.6543,2.0267,1.5894,1.2508,1.4912,1.2223,1.4027,1.0951,0.9467,1.0436,0.6224,0.7913,0.7398,1.1973,1.4515,1.3588,1.263,1.4005,1.707,2.5843,2.0871,2.9989,2.9086,2.5865,3.2805,3.6117,3.9179,3.534,3.4559,2.3884,1.8098,1.8001,1.5712,1.3894,0.7972,0.8483,0.1433,0.1778,0.0417,0,0,0,0,0,20,20
37,0.008518,150.08,0,0,0,0,0,0,0,0,0,0,0,0,0,0,0,0,0,0,0.0754,1.7035,4.54,7.0145,7.6283,8.5669,6.373,5.2013,4.1835,4.9608,3.7021,3.6233,3.6676,3.4699,2.8347,2.1348,2.269,1.5989,1.8115,2.0101,1.0775,1.0922,1.391,1.3243,1.4484,1.3249,1.5585,1.5596,1.8737,1.9929,2.3803,3.0021,3.2744,3.515,4.1948,3.9975,5.3541,5.046,4.5853,5.2843,3.2905,3.057,2.5344,2.174,2.061,1.9908,1.5695,0.4175,0.2138,0.064,0.0612,0,0,0,0,20,20
38,0.007999,171.331,0,0,0,0,0,0,0,0,0,0,0,0,0,0,0,0,0,0,0.112,2.0931,4.3338,7.0171,8.3742,9.0194,8.2788,6.4882,5.8698,5.5658,5.0458,3.8087,3.6137,3.7524,3.7087,2.7594,2.432,2.3559,2.189,2.2674,2.082,1.4814,1.0729,1.1729,1.6612,2.0135,2.0266,2.2472,1.9554,2.9923,3.9053,3.7286,3.9375,4.7363,5.5618,5.709,5.5734,5.3504,5.5766,4.3024,3.7041,2.2127,2.1141,1.8409,1.9027,1.3761,1.1476,0.5527,0.1358,0.1499,0.0222,0,0,0,0,20,20
39,0.008878,139.461,0,0,0,0,0,0,0,0,0,0,0,0,0,0,0,0,0,0,0.0745,1.7869,4.1454,6.0464,5.9763,6.8746,6.635,5.3057,3.6464,4.0647,3.5937,2.4213,2.99,1.9883,2.1964,1.7046,1.8464,1.3668,0.7448,1.5659,1.7418,1.1696,0.9664,1.1538,1.2902,1.2757,1.4078,2.2058,2.1849,2.5268,2.208,2.9294,3.2414,3.5846,3.8132,4.6084,4.8565,4.4003,5.4264,5.0331,3.8862,2.7324,2.8403,2.5326,2.3782,1.7799,1.1343,0.6873,0.25,0.1813,0.0213,0,0.0388,0,0,20,20
40,0.009912,178.844,0,0,0,0,0,0,0,0,0,0,0,0,0,0,0,0,0,0,0.1166,1.93,4.9331,6.511,6.6424,6.7472,6.6651,5.4802,4.1307,4.4995,4.3326,4.5696,3.0812,3.3527,3.0216,3.4315,3.3868,2.4781,2.8136,2.2949,2.0974,1.8832,2.4425,2.0221,2.3088,2.2503,2.8221,2.9362,2.9652,3.3019,4.0834,4.2378,4.1182,4.4135,5.526,5.2636,5.885,6.0891,7.1614,5.666,4.5766,4.5004,3.3324,2.104,2.4135,2.0771,1.1247,0.5441,0.1215,0.1185,0.0131,0.0262,0,0,0,20,20
41,0.009328,165.327,0,0,0,0,0,0,0,0,0,0,0,0,0,0,0,0,0,0,0.1176,1.6105,4.5624,6.7214,7.7763,7.523,6.9991,6.234,4.8057,4.5389,4.1349,3.3063,3.1219,3.5244,2.9663,2.6603,2.9706,2.4367,2.3838,2.4428,1.887,1.2804,1.4344,1.5236,1.8417,1.787,2.5784,2.3211,2.4875,3.4976,3.4376,3.2397,3.7834,4.5835,4.6132,4.8769,4.7295,5.6936,5.4276,4.4857,3.3224,3.5644,2.9173,2.4251,2.2959,1.7395,1.4862,0.7967,0.2106,0.1037,0.0661,0.0528,0,0,0,20,20
42,0.006847,132.11,0,0,0,0,0,0,0,0,0,0,0,0,0,0,0,0,0,0,0.0333,1.5124,4.4572,4.9466,6.4304,6.3595,7.0454,4.9963,4.9948,3.9572,3.4671,3.8635,3.6172,3.0801,2.2567,2.1135,1.8076,1.6588,1.3347,1.119,1.0936,1.0256,0.6755,0.8952,0.9108,1.277,1.8727,1.286,1.6737,2.4802,2.2323,2.6653,2.5297,3.3796,3.5598,4.2429,3.963,4.3078,4.6513,3.8243,3.5201,2.8087,1.9875,1.7073,1.4741,1.2822,1.027,0.6007,0.0645,0.0398,0,0,0,0,0,20,20
43,0.008352,131.402,0,0,0,0,0,0,0,0,0,0,0,0,0,0,0,0,0,0,0.1537,1.6477,4.0359,5.1224,5.4014,5.8313,5.2549,3.9154,3.0883,3.092,2.6087,2.5638,1.7851,1.9268,1.8298,1.79,2.0147,1.2634,1.3734,1.8899,1.727,1.2018,1.438,0.9845,1.1662,1.8554,1.9471,1.6824,1.8868,2.3651,2.4833,2.1712,3.1577,3.6964,4.7949,4.4703,4.5472,5.5688,5.1939,4.2111,4.1866,3.1179,2.5546,2.9325,2.1393,1.7804,0.8612,0.4355,0.0519,0.1402,0.0374,0.0269,0,0,0,20,21
44,0.008217,139.118,0,0,0,0,0,0,0,0,0,0,0,0,0,0,0,0,0,0,0.0424,2.0641,3.5035,4.9824,5.3189,5.6112,4.637,3.9316,3.2431,3.2488,3.0792,2.1785,1.9368,1.8106,2.207,1.7692,1.9694,1.7534,1.6264,1.5849,1.637,1.2914,1.2913,1.4416,1.3865,1.9575,2.0657,2.3213,2.0425,2.7331,3.1532,3.4879,3.7716,3.6684,4.8737,6.2359,5.8652,5.677,5.7333,5.3782,4.4136,3.0648,2.747,1.7984,1.7319,1.3507,0.8626,0.3157,0.1973,0.0461,0,0.0398,0,0.0393,0,20,20
45,0.009649,163.942,0,0,0,0,0,0,0,0,0,0,0,0,0,0,0,0,0,0,0.1535,1.4568,4.329,5.3142,5.8834,5.7386,4.6998,4.1207,2.6067,2.4587,3.1578,1.9454,2.0091,2.0193,2.2822,1.9082,2.2983,2.1047,1.7235,2.2226,1.7347,1.9297,1.4238,1.4852,2.3274,2.4839,2.3859,3.2102,2.8408,3.6882,3.9928,5.3719,5.7941,5.8578,6.998,6.6249,6.3969,7.5632,7.257,6.5122,5.5778,3.5866,3.2141,2.4482,2.0398,1.2354,0.9988,0.2805,0.2015,0.0084,0,0.0402,0,0,0,21,20
46,0.00982,162.336,0,0,0,0,0,0,0,0,0,0,0,0,0,0,0,0,0,0,0,1.8337,4.5518,4.5539,5.3815,5.3465,6.2328,4.8508,3.5522,3.4628,3.1606,2.9876,2.5568,2.0799,2.0638,2.2047,1.6325,1.4946,1.6032,2.0019,2.0653,1.9407,1.8797,1.6386,2.1298,2.277,1.8169,2.0252,3.3747,3.955,3.3363,4.1909,4.0644,5.3054,6.3709,6.6244,7.1436,7.5416,7.8297,6.1082,4.9425,3.3634,2.4142,2.5465,2.3196,1.6372,1.159,0.5243,0.1701,0.0475,0.0411,0,0,0,0,20,20
47,0.011222,194.853,0,0,0,0,0,0,0,0,0,0,0,0,0,0,0,0,0,0,0,1.423,4.23,5.66,5.995,5.915,4.737,4.48,4.552,3.493,2.747,2.96,3.576,3.33,2.89,2.333,2.418,2.306,2.14,2.595,1.945,1.928,2.036,2.254,2.626,2.265,3.379,3.23,3.394,3.998,5.366,5.315,6.07,8.389,7.912,9.409,9.332,10.636,9.518,7.511,5.482,4.205,2.805,2.533,2.088,1.616,1.009,0.637,0.137,0.045,0.002,0,0,0,0,20,21
48,0.004841,136.252,0,0,0,0,0,0,0,0,0,0,0,0,0,0,0,0,0,0,0,1.8146,3.6374,4.8939,5.3849,6.4146,5.7294,4.7217,3.2967,3.8531,3.0851,3.2099,2.6127,2.4625,2.3284,1.9374,1.9346,2.2938,2.0884,1.3297,1.3059,1.1747,1.4205,1.6035,1.6909,2.1101,1.6685,2.2963,2.664,3.2524,3.5085,4.1653,3.7907,4.4869,4.5848,4.9153,5.5618,5.6447,5.2913,4.489,2.825,1.8726,1.1937,0.6599,0.5485,0.2992,0.1595,0.0153,0.0241,0,0,0,0,0,0,20,23
49,0.011459,198.945,0,0,0,0,0,0,0,0,0,0,0,0,0,0,0,0,0,0,0.042,1.893,4.221,5.682,7.419,7.459,5.885,5.256,4.82,4.184,3.997,3.041,3.012,2.899,2.867,2.154,2.242,2.328,1.789,1.948,1.879,2.186,1.895,1.84,2.086,2.299,2.516,3.212,3.878,4.488,4.246,4.866,6.387,6.858,7.388,8.117,8.338,10.935,11.391,8.784,6.608,4.762,3.736,2.32,1.743,1.418,1.077,0.382,0.089,0.04,0.04,0,0,0,0,21,23
50,0.009972,189.813,0,0,0,0,0,0,0,0,0,0,0,0,0,0,0,0,0,0,0.0346,1.3546,4.0289,5.3177,5.4285,5.7099,6.4406,5.0985,4.775,3.4677,4.3479,3.4711,3.2193,3.0576,3.1308,2.8161,2.5186,1.9937,2.1993,2.2195,1.691,1.7629,1.4363,2.1652,2.2097,2.7119,2.7678,3.3432,3.0946,4.4215,5.1244,5.6914,6.2833,7.9425,7.1762,9.1912,9.3038,9.1223,8.9748,6.5782,4.6842,3.6751,3.2541,1.8934,2.1919,1.5297,0.5857,0.3074,0.0275,0,0.0137,0.0274,0,0,0,23,24
51,0.008647,169.56,0,0,0,0,0,0,0,0,0,0,0,0,0,0,0,0,0,0,0.1509,1.5618,3.5688,5.6174,6.7317,6.0846,6.7291,5.0051,4.6052,4.1746,3.2555,2.2343,2.7752,2.6417,2.133,2.1736,2.1244,2.0275,2.5566,2.0491,2.086,1.6246,1.978,1.7874,1.8225,2.2239,2.5266,3.0548,3.1745,3.6677,3.9606,4.6103,4.6058,6.3534,5.9558,7.5478,7.073,7.1031,7.4417,6.135,4.3169,3.5741,2.8868,1.8014,1.7422,1.2447,0.7829,0.1876,0.049,0.0419,0,0,0,0,0,23,24
52,0.007427,143.381,0,0,0,0,0,0,0,0,0,0,0,0,0,0,0,0,0,0,0,1.4646,4.5419,4.7263,6.1191,5.7457,6.6824,5.0943,4.4862,2.9123,4.0547,3.2719,2.8,2.6595,2.5567,2.2878,2.206,1.8339,1.5705,0.9337,1.0964,1.4997,1.3275,1.3393,1.5368,1.6534,2.056,2.0591,2.1186,3.1239,3.6503,3.3919,3.8314,3.6429,4.1672,4.3371,5.5651,4.9213,5.5931,4.9182,3.8058,3.5537,2.7305,1.728,1.6833,1.001,0.4379,0.4492,0.0969,0.0394,0.0392,0.0391,0,0,0,24,24
53,0.011098,212.424,0,0,0,0,0,0,0,0,0,0,0,0,0,0,0,0,0,0,0.1096,1.7169,4.823,5.9642,5.9676,7.3804,6.8701,7.7272,7.1846,5.2807,5.8622,4.6896,4.9998,4.0617,4.1654,3.6756,2.4873,3.068,2.9576,2.8425,2.4745,2.5982,2.5605,2.2646,2.0375,2.0086,2.7888,2.7247,3.4444,3.8619,5.6339,5.5966,5.6404,6.4022,6.9625,7.7862,9.0348,9.8493,8.4493,7.0987,4.9251,4.1459,3.7818,3.0397,1.8938,1.8133,1.05,0.4818,0.0806,0.0803,0.0532,0.0266,0,0,0,24,23
54,0.010272,175.681,0,0,0,0,0,0,0,0,0,0,0,0,0,0,0,0,0,0,0,1.9891,4.3453,5.9115,6.1188,7.5101,7.1447,5.3357,4.9454,5.1298,3.6898,3.7064,3.4878,3.3803,3.7088,2.9601,2.642,2.3327,2.5671,2.2116,2.2232,1.5719,1.9403,1.9174,1.5808,2.1862,2.6353,2.3865,2.8712,3.3969,3.8222,3.5998,3.3865,4.7025,5.2661,4.9426,6.0692,6.398,6.8247,5.918,4.7603,4.4868,4.3086,3.2843,2.7581,1.7086,0.9011,0.4585,0.1387,0.0401,0.0399,0,0.0395,0,0,24,23
55,0.007855,137.479,0,0,0,0,0,0,0,0,0,0,0,0,0,0,0,0,0,0,0.0419,1.0036,3.238,5.2015,5.9093,4.7102,5.1825,4.2249,4.5953,3.2436,3.0531,1.8559,2.449,2.0211,1.85,2.3027,1.8446,1.8623,1.6063,1.4869,1.249,1.2395,0.9992,1.4207,1.3526,1.4054,1.4413,1.8688,2.7381,3.184,2.7389,3.2258,3.6043,4.0869,4.7773,5.0064,4.9496,5.9752,6.5886,4.3695,4.5816,3.6906,3.3705,2.4609,1.4325,1.1584,0.5269,0.1863,0.0886,0.0397,0.0395,0,0,0,0,23,23
56,0.00816,144.534,0,0,0,0,0,0,0,0,0,0,0,0,0,0,0,0,0,0,0.0339,1.283,4.9033,5.2746,5.1319,5.1937,6.09,4.8928,3.9137,4.067,3.392,2.5169,2.1374,1.9836,1.9793,2.0183,1.5788,1.6696,1.1616,1.5569,1.2875,1.497,1.4253,1.3326,1.3997,2.042,1.785,1.9936,2.4396,2.1534,4.0571,3.8685,4.2262,4.934,4.4388,5.0852,5.836,7.1146,5.4298,5.5286,3.2939,3.0265,2.716,2.2773,1.4858,1.7095,0.9294,0.1887,0.1718,0.0405,0.002,0.0401,0,0,0,23,21
57,0.014892,211.261,0,0,0,0,0,0,0,0,0,0,0,0,0,0,0,0,0,0,0.034,1.561,4.241,5.246,6.455,6.793,6.362,6.048,5.463,4.982,3.363,3.969,3.591,3.248,3.125,3.069,2.516,2.619,2.438,2.349,2.263,2.185,2.224,1.918,1.845,2.408,2.928,3.303,3.229,4.534,4.842,4.953,5.482,6.453,7.808,8.294,8.979,10.471,9.829,8.473,7.682,5.197,4.898,3.468,3.575,2.982,2.119,1.037,0.329,0.04,0.04,0,0,0,0,23,21
58,0.007247,153.289,0,0,0,0,0,0,0,0,0,0,0,0,0,0,0,0,0,0,0.1022,1.5326,3.1338,4.7032,5.9779,6.3148,5.8125,4.6466,4.8305,3.8894,3.5203,3.4491,3.0417,2.7887,2.6652,2.0307,2.6028,2.1274,2.3937,2.0341,1.9394,1.6583,1.6627,1.7312,1.3914,2.2032,2.9797,2.741,2.6694,3.0854,3.2057,3.8273,4.7653,5.0425,4.9231,5.2844,5.5242,4.9665,5.8392,4.9732,3.7655,3.6898,2.8054,2.1727,1.4935,0.9194,0.3127,0.0395,0,0.0407,0,0,0,0.04,0,21,21
59,0.011332,223.399,0,0,0,0,0,0,0,0,0,0,0,0,0,0,0,0,0,0,0.1186,1.5281,3.4397,5.5254,7.0268,8.1912,6.4441,5.8441,6.1372,6.3218,5.3927,4.9061,4.3707,4.1579,4.2677,3.778,3.7774,3.0475,2.8574,3.1993,3.2697,3.1417,2.8351,2.3441,3.0507,2.668,3.6181,3.6644,4.0692,5.3492,5.5854,6.8351,6.7019,7.732,7.4357,9.351,9.3452,9.027,8.1206,7.0789,5.4186,4.0095,3.971,2.6998,2.6834,1.3868,1.0724,0.3279,0.1084,0.0865,0.04,0,0.0397,0,0,21,21
60,0.010155,202.947,0,0,0,0,0,0,0,0,0,0,0,0,0,0,0,0,0,0,0.076,1.4937,3.9919,4.875,6.5486,6.2588,6.6659,5.1157,5.1351,4.4146,3.908,3.6162,3.7256,4.0341,3.2356,3.0661,2.5264,2.9437,2.8168,3.0905,2.4898,2.8562,2.7024,2.2519,2.7372,2.8128,3.6418,3.4851,4.2592,4.823,5.368,5.4531,5.6314,6.791,7.0096,9.2134,9.4613,8.9521,9.2851,6.6239,5.54,4.2079,2.6349,2.8835,1.9906,1.5484,0.4763,0.1652,0.1143,0,0,0,0,0,0,21,23
61,0.004601,136.438,0,0,0,0,0,0,0,0,0,0,0,0,0,0,0,0,0,0,0.033,0.9308,3.4297,4.537,5.5702,5.8699,4.3387,4.9401,4.6716,4.554,3.6275,3.3738,3.0397,3.0568,2.7947,2.504,2.1068,2.0656,1.9153,2.2264,2.3083,1.9086,2.2206,1.625,1.7881,2.0231,2.1009,2.1618,2.5537,3.8388,3.0243,3.8501,4.089,4.4909,3.8261,3.9749,4.7677,4.4003,4.3662,3.5422,2.5031,1.9395,1.5514,0.9374,0.5443,0.1877,0.1312,0.0934,0.0243,0.0789,0,0,0,0,0,21,23
62,0.007748,140.741,0,0,0,0,0,0,0,0,0,0,0,0,0,0,0,0,0,0,0,1.036,3.0329,4.1819,4.5356,5.1252,5.6736,4.3712,3.9901,3.7221,3.0202,2.9806,2.6779,3.089,2.5364,2.517,2.7142,2.338,2.2823,2.3856,1.987,1.5036,1.6909,1.9219,1.6501,1.7807,1.8554,1.8043,2.1209,2.7895,2.6682,3.3084,3.9427,4.054,4.3279,5.2673,4.764,5.0804,4.7447,4.249,4.0064,3.6277,2.6875,2.4546,1.8294,1.424,0.5123,0.1338,0.1676,0.0978,0,0.0592,0.0198,0,0,23,21
63,0.010758,153.179,0,0,0,0,0,0,0,0,0,0,0,0,0,0,0,0,0,0,0,1.2405,3.379,4.6766,5.1819,5.4934,5.8755,4.2721,4.0065,3.3245,3.6314,3.1632,2.7768,2.4214,3.4657,1.7483,2.8771,2.4922,2.521,2.2812,1.9282,2.0021,1.4717,2.1942,1.9059,1.7534,2.0962,2.5342,2.1779,2.2971,3.5893,3.663,3.0061,3.4372,3.6198,4.6508,4.6331,4.3962,5.8304,5.6535,4.7981,4.5539,4.4068,3.7772,3.5605,2.2534,1.3742,0.5811,0.1273,0,0.0392,0,0.0338,0.0049,0,23,21
64,0.006236,107.895,0,0,0,0,0,0,0,0,0,0,0,0,0,0,0,0,0,0,0.0748,1.2934,2.8682,3.5097,3.887,3.9187,3.7721,2.559,2.4618,2.6315,2.0793,1.7253,1.6776,2.2592,1.5673,1.787,1.5799,1.5763,1.6101,1.5184,1.5934,0.9695,1.4056,1.4746,1.0111,1.3611,1.2636,1.2092,2.0238,2.3376,2.7285,2.9231,2.5876,2.7702,2.9104,3.4955,3.8253,4.3135,5.1947,4.7289,3.1139,2.6832,2.5446,1.85,1.5801,0.8358,0.5273,0.2273,0.0486,0,0,0,0,0,0,21,20
65,0.007334,145.51,0,0,0,0,0,0,0,0,0,0,0,0,0,0,0,0,0,0,0.0828,1.1042,2.2196,3.4317,4.1991,3.8819,3.5022,2.9923,2.7389,2.9936,2.1488,2.4459,1.8079,2.5278,2.3755,2.0738,1.7001,1.9808,2.1216,2.0212,1.8212,1.6054,1.8796,2.0806,2.3714,2.0512,2.504,2.9231,3.158,3.6339,3.9669,4.0956,4.2889,5.5171,5.6046,6.7876,7.8917,7.0411,8.5898,6.5692,4.551,2.907,2.0864,1.199,0.9109,0.658,0.2319,0.1321,0.0968,0.0059,0,0,0,0,0,21,20
66,0.006749,144.595,0,0,0,0,0,0,0,0,0,0,0,0,0,0,0,0,0,0,0.0744,1.2105,2.6734,3.2423,4.3264,3.9627,4.3731,3.0344,2.6822,2.3835,2.5856,2.543,2.391,2.2688,2.1254,1.7703,2.0967,1.8143,1.6574,2.0932,1.9853,1.976,1.9739,2.1757,2.0634,2.4652,2.3273,2.5201,3.695,3.4651,3.726,4.3251,4.2865,5.6864,5.377,6.8992,7.9142,8.396,7.5241,5.9493,3.7201,2.5017,1.7373,0.8556,0.7135,0.4126,0.382,0.1539,0.0789,0,0,0,0,0,0,20,20
67,0.005856,134.81,0,0,0,0,0,0,0,0,0,0,0,0,0,0,0,0,0,0,0,0.9767,2.8185,4.0065,4.417,5.1362,3.7184,3.1555,3.6455,2.4556,2.1881,3.2682,2.313,1.9427,2.2397,2.7667,2.5955,1.8217,2.1034,1.7906,1.6621,1.9315,1.7085,1.9318,1.8747,1.828,2.2672,3.2457,2.9962,3.6551,3.413,3.6725,3.776,3.8306,5.0622,4.8714,5.4088,6.5064,5.7261,5.0329,4.376,2.5239,1.7231,1.1218,0.4985,0.4302,0.2615,0.0757,0,0,0.0388,0,0,0,0,20,20
68,0.00847,144.34,0,0,0,0,0,0,0,0,0,0,0,0,0,0,0,0,0,0,0.0332,1.395,2.6347,3.6298,4.0372,4.8155,4.3011,3.5691,3.0302,2.3023,2.0627,2.7636,2.2954,2.3875,2.0816,2.528,2.5493,2.2365,2.2651,2.78,2.3148,2.3093,2.0032,1.8134,1.9755,2.3282,2.2091,2.3783,2.3456,3.3662,3.4989,3.7245,3.5519,4.8427,4.1713,4.9225,6.1835,6.3103,5.9551,6.2997,4.9154,3.7989,2.7986,2.4626,1.8537,1.09,0.7876,0.2734,0.0796,0.0397,0.0394,0,0,0,0,20,20
69,0.010173,169.192,0,0,0,0,0,0,0,0,0,0,0,0,0,0,0,0,0,0,0.076,1.447,2.8913,3.9614,4.6067,4.5292,4.8345,3.9616,3.4761,2.8797,2.7098,2.5893,2.5289,2.1833,1.9049,2.0838,2.7013,2.4811,2.6856,2.4011,2.9558,2.4404,2.0039,2.2572,2.1783,1.9732,2.5831,3.3284,3.1752,3.8362,3.9159,4.514,4.6263,5.7364,6.7504,7.7295,7.9284,8.2639,7.395,7.1023,4.9178,5.6964,3.692,2.6451,2.33,1.4932,0.4312,0.1994,0.0805,0,0.0532,0.0266,0,0,0,20,21
70,0.010343,158.296,0,0,0,0,0,0,0,0,0,0,0,0,0,0,0,0,0,0,0,1.0011,2.7375,2.5343,3.2733,3.6423,3.0313,3.1299,2.5566,2.6274,2.7085,2.496,1.7558,2.1881,2.0137,2.2762,2.9817,2.5972,2.5575,2.4608,1.8579,2.1884,1.8233,1.4235,2.2606,2.7548,3.2086,2.852,3.356,3.0335,3.1995,3.6246,4.5088,5.3503,5.3816,7.1809,7.1817,7.9244,8.6872,9.1759,7.1723,5.2198,4.0026,2.3528,1.9892,1.097,0.6818,0.1581,0,0.0182,0.0217,0,0.0344,0.005,0,20,21
71,0.007943,148.085,0,0,0,0,0,0,0,0,0,0,0,0,0,0,0,0,0,0,0,0.9419,2.2031,2.7813,3.0704,4.0746,3.2799,3.7148,3.0753,2.8897,2.8037,2.0199,2.3795,2.3858,2.3611,2.2269,2.1017,2.8858,1.85,2.4944,2.8511,2.0097,2.205,2.0044,2.08,2.1108,2.377,2.4676,2.6686,3.3269,3.9308,4.3835,3.9802,4.5513,5.4955,6.8324,7.5305,7.4093,7.3085,7.3503,5.3989,3.5502,3.0832,1.5365,1.1732,0.4347,0.3006,0.0381,0.0335,0.0845,0,0.0194,0.0195,0,0,21,21
72,0.007539,145.605,0,0,0,0,0,0,0,0,0,0,0,0,0,0,0,0,0,0,0.0994,0.9367,2.8148,3.1252,3.8002,3.9821,3.9733,3.6412,2.7862,3.268,2.7348,2.4166,2.9439,3.41,3.0441,2.4629,2.1663,2.7763,2.8079,1.9961,2.5622,2.3049,2.0558,1.9385,1.6691,2.1151,2.5451,2.9492,2.4172,3.1751,3.4867,3.7693,4.1055,4.8807,4.7592,5.8774,5.8245,6.5741,6.0927,5.2622,4.7632,3.7632,2.7883,1.7346,1.4664,0.8177,0.6016,0.0553,0.0581,0.006,0,0,0,0,0,21,21
73,0.005797,111.596,0,0,0,0,0,0,0,0,0,0,0,0,0,0,0,0,0,0,0.0415,0.9074,2.7415,3.5079,4.5281,3.7325,4.4687,3.3008,2.9198,2.3765,2.2487,1.9702,1.9149,2.0946,1.7676,1.6531,1.3759,1.6948,1.6515,1.6401,1.5823,1.3523,1.0629,1.1253,1.1808,1.9145,1.7449,2.209,2.2351,2.4409,1.9866,2.562,2.7806,3.1489,3.2468,3.4453,4.3524,4.7619,4.4291,4.2416,4.2548,2.9199,1.9216,1.5398,1.5557,0.8365,0.1507,0.0777,0,0,0,0,0,0,0,21,20
74,0.006125,114.329,0,0,0,0,0,0,0,0,0,0,0,0,0,0,0,0,0,0,0,0.8907,2.6474,3.011,3.1522,3.4569,3.3924,3.6741,2.4431,2.8768,2.2879,2.3436,1.8797,2.4776,1.6134,2.1513,2.5869,2.2387,1.9309,2.0859,1.804,1.7402,1.4788,1.3439,1.8479,2.1004,1.6745,1.5641,1.8068,2.2512,2.6755,2.7815,2.5827,3.4861,3.6291,3.886,3.8346,4.0188,4.6551,3.998,3.2742,3.3994,2.7089,2.0135,1.4723,0.7441,0.1438,0.1707,0.0634,0.0179,0.0212,0,0,0,0,21,20
75,0.004502,100.534,0,0,0,0,0,0,0,0,0,0,0,0,0,0,0,0,0,0,0.0333,0.7893,2.818,2.8952,3.8593,4.1436,3.4589,3.1221,2.8255,2.3522,2.6318,2.3455,2.1797,1.9681,1.9441,2.6413,1.9573,2.5411,2.1086,2.0346,1.8595,1.969,1.3004,1.2021,1.1046,1.4378,1.4786,1.5357,1.7444,2.3429,1.7723,2.2173,2.0951,2.3624,2.7596,2.0216,2.8582,3.6976,3.468,3.0775,2.2643,2.2042,1.6371,1.1503,1.1434,0.6979,0.1656,0.291,0.0244,0.002,0,0,0,0,0,20,20
76,0.004802,101.352,0,0,0,0,0,0,0,0,0,0,0,0,0,0,0,0,0,0,0.1586,1.1076,3.3049,2.9529,3.7137,3.6418,2.9632,3.8355,2.5229,2.9118,2.1794,1.9408,1.7062,1.9439,1.792,2.105,2.026,2.3881,2.0198,1.7197,1.5478,1.2409,1.7047,1.3573,1.2789,1.2459,1.4011,1.7856,1.6712,2.1316,2.2289,2.0972,1.8532,2.3636,3.5679,2.9809,3.6221,3.0076,3.8409,3.4153,2.0255,2.5917,1.8791,1.2787,1.1419,0.7156,0.2863,0.0782,0.0337,0.006,0,0.0392,0,0,0,20,20
77,0.006363,133.383,0,0,0,0,0,0,0,0,0,0,0,0,0,0,0,0,0,0,0.0415,1.1132,3.0576,4.7741,4.5356,4.9472,4.5773,4.3732,3.2604,3.7177,3.2042,2.8109,3.5986,2.9951,3.0452,2.7426,3.2407,2.9691,2.5595,2.8062,2.1207,1.5678,1.3278,2.0114,2.1319,1.914,2.2938,2.2457,1.9875,3.0683,2.6798,2.4456,2.6974,3.3109,3.0962,3.9076,3.5308,4.0391,4.3421,3.7667,3.3771,2.6089,2.7957,2.4125,1.5756,1.0024,0.6353,0.072,0.0483,0,0,0,0,0,0,20,20
78,0.004311,88.382,0,0,0,0,0,0,0,0,0,0,0,0,0,0,0,0,0,0,0.0757,1.047,2.4117,3.5247,3.9428,4.5941,3.3476,2.6831,2.8948,2.3459,1.7433,1.9898,1.643,1.7246,1.5673,1.9407,1.3865,1.276,1.3318,1.2881,0.8917,0.936,1.151,1.0828,1.0212,1.1844,1.0445,1.4368,1.8479,2.0467,1.9086,2.483,2.2763,2.1252,2.6599,2.4648,2.2069,2.2518,2.9619,2.3498,1.7812,1.3032,1.8516,1.5342,1.2941,0.9927,0.4178,0.0775,0.034,0.006,0,0,0,0,0,20,20
79,0.005631,110.817,0,0,0,0,0,0,0,0,0,0,0,0,0,0,0,0,0,0,0.0673,1.5509,3.0905,3.6443,4.2365,3.9529,4.1735,3.3506,3.2344,3.0385,2.3451,2.5847,2.014,2.0844,2.0491,1.6874,2.4299,1.6461,1.8449,1.8814,1.6726,1.4284,1.0891,0.993,1.1932,1.2974,1.5936,1.6514,2.2543,2.3535,3.111,2.9139,2.9818,2.4793,3.2212,3.3396,3.8141,3.7636,3.3451,2.9814,2.5694,2.5012,2.2029,1.8096,1.6977,1.1246,0.3682,0.0951,0.0247,0,0,0,0.0397,0,0,20,20
80,0.004996,112.02,0,0,0,0,0,0,0,0,0,0,0,0,0,0,0,0,0,0,0.0327,1.138,3.1025,3.8847,3.6556,3.9096,4.412,3.2701,3.1468,3.0307,3.1563,2.4797,1.8601,1.8079,1.9384,2.0508,2.0382,2.0329,2.1681,2.2007,1.6026,1.2473,1.2724,1.3848,1.4376,1.6486,1.5655,1.7558,2.003,2.066,2.5465,2.5837,2.9019,3.1998,4.0262,4.1752,3.8079,3.8414,3.7559,3.3481,2.6526,2.2214,2.1388,1.7567,0.8988,0.4495,0.2586,0.1338,0.024,0,0,0,0,0,0,20,20
81,0.00366,91.417,0,0,0,0,0,0,0,0,0,0,0,0,0,0,0,0,0,0,0.076,1.0911,2.1305,3.2879,3.7506,3.6967,3.5802,2.5821,2.2912,2.3718,1.8632,1.5897,2.0283,1.5528,1.6479,1.5691,1.9535,1.9392,2.0471,1.6502,1.4342,1.172,0.8691,1.173,0.9921,1.1282,1.3446,2.0182,2.0548,1.4282,1.9605,2.4099,2.3783,2.8185,2.6513,2.3691,3.4772,3.9893,3.0214,2.6786,2.5616,1.4461,1.2754,0.8634,0.6984,0.3419,0.1221,0,0.0403,0,0,0,0,0,0,20,21
82,0.009445,188.61,0,0,0,0,0,0,0,0,0,0,0,0,0,0,0,0,0,0,0.0332,1.0932,3.4111,4.8012,4.3983,5.0619,4.1651,4.4711,4.3921,3.249,3.56,3.7887,3.8669,3.1721,3.3421,3.7691,3.1192,3.4488,3.166,3.0282,2.8773,2.5167,2.3199,2.5039,2.4607,3.4909,3.4121,3.6063,3.5094,4.3354,5.1888,5.4148,4.6758,5.9206,6.6459,6.4905,9.5423,9.5297,8.9696,7.1973,5.2155,4.9735,3.2727,2.4853,1.4578,0.6772,0.3036,0.1509,0.0826,0.0457,0,0,0,0,0,20,20
83,0.006494,143.251,0,0,0,0,0,0,0,0,0,0,0,0,0,0,0,0,0,0,0,1.0695,3.3456,4.4424,4.2769,4.8107,4.3917,3.6835,2.8667,2.9211,2.9033,2.8152,2.6327,2.7105,2.3007,3.1406,2.5591,2.5471,2.2278,2.2823,1.5128,1.8659,1.7559,2.0728,1.9619,2.408,2.5012,2.2939,2.7904,3.1484,3.2815,3.5989,3.8421,4.3732,5.2804,5.8899,6.8789,5.2281,6.8207,5.3664,3.9296,3.3695,2.2787,1.4048,0.6976,0.4729,0.1033,0.0779,0.0396,0.0394,0,0.0391,0,0,0,21,21
84,0.006712,140.727,0,0,0,0,0,0,0,0,0,0,0,0,0,0,0,0,0,0,0.0329,0.7471,3.3061,3.3338,4.6101,4.488,4.2689,3.7732,3.0741,3.3292,3.0893,3.6101,3.0848,2.9564,2.7232,2.7177,2.6657,2.4809,1.9205,2.0771,2.6963,2.632,1.7658,1.6497,1.5357,2.0294,2.2307,2.1207,2.5035,2.8295,3.8176,3.4453,3.3655,3.6064,4.5859,4.5894,4.6095,6.489,6.3427,5.091,3.9905,3.7674,2.9957,1.5069,1.3355,0.7273,0.1796,0,0,0,0,0,0,0,0,20,23
85,0.008942,175.175,0,0,0,0,0,0,0,0,0,0,0,0,0,0,0,0,0,0,0.0663,1.2168,2.8039,5.0241,4.8156,5.7926,5.864,4.7714,4.2622,4.7797,4.2453,3.7201,3.6091,3.6846,3.2276,3.9708,2.6113,3.0803,3.0835,3.1653,2.5795,2.287,1.7842,1.8653,1.9009,2.1998,2.8889,3.1649,3.4103,3.9002,4.3837,3.7358,4.3224,5.7958,5.823,5.8158,6.42,6.9593,6.8736,5.6061,5.0715,4.6242,3.4824,2.5426,2.0038,1.0836,0.5385,0.2535,0.0641,0,0,0,0,0,0,21,23
86,0.008116,216.495,0,0,0,0,0,0,0,0,0,0,0,0,0,0,0,0,0,0,0.0755,1.3883,4.1729,5.5602,7.5067,8.4072,7.9956,7.4491,6.2793,6.3032,5.8983,5.8741,5.5999,5.4104,5.4712,5.1956,4.6832,4.7445,4.1028,3.7669,3.364,2.8208,2.8555,2.8087,3.1629,3.4038,3.0201,3.3272,4.293,5.2992,5.3847,5.7401,5.537,5.3971,7.6207,6.5212,7.1094,6.1781,6.0206,5.1258,4.2095,3.614,2.9471,1.5035,1.5644,0.9178,0.6253,0.0557,0.0984,0.006,0.0396,0,0,0.039,0,23,23
87,0.014502,224.172,0,0,0,0,0,0,0,0,0,0,0,0,0,0,0,0,0,0,0.0335,1.3873,3.3958,4.5954,6.3167,6.6467,5.203,5.2032,5.3641,5.7373,5.3263,5.3839,5.6817,5.2767,4.7095,3.8202,4.3135,2.6316,2.8407,3.4746,3.261,2.8441,2.6035,2.4591,2.3881,2.5146,2.9785,3.472,3.761,4.3764,5.4839,5.1744,5.4638,6.2084,6.9475,8.9904,7.9622,8.8114,9.7129,8.2458,6.1811,7.0663,6.2974,5.2211,4.3752,2.1851,1.0754,0.4755,0.134,0.1602,0,0,0,0,0,23,23
88,0.011411,195.139,0,0,0,0,0,0,0,0,0,0,0,0,0,0,0,0,0,0,0,1.1436,2.8688,4.912,4.9482,6.0112,5.7043,5.3662,4.819,4.6483,3.4625,4.3217,3.6568,4.3858,4.5424,3.76,4.0961,4.5893,4.349,2.6796,3.249,2.6926,2.3977,2.7769,2.776,3.4034,2.6289,3.234,4.3418,3.9226,3.7563,4.8203,4.4115,5.5895,5.7141,6.9129,6.8965,7.5196,6.7889,6.2678,4.5954,4.2463,4.3591,4.0647,3.5647,2.3512,1.0623,0.338,0.1369,0.0542,0.0011,0,0,0,0,23,21
89,0.004357,110.997,0,0,0,0,0,0,0,0,0,0,0,0,0,0,0,0,0,0,0.0755,1.0936,2.892,4.2656,4.5393,5.1207,4.1726,3.9514,3.2492,2.7834,2.2262,2.7352,2.3567,2.2338,2.0174,2.1857,2.2908,2.1366,2.211,1.8492,1.6639,1.0964,1.2242,1.3886,1.5735,1.5081,1.9762,2.2335,2.294,2.074,2.6196,2.4279,2.6664,3.3599,3.4575,3.5675,3.357,3.5206,3.4052,3.0683,2.0135,1.4834,1.2809,1.1919,1.0157,0.6495,0.3762,0.1174,0,0,0,0,0,0,0,23,21
90,0.009301,192.17,0,0,0,0,0,0,0,0,0,0,0,0,0,0,0,0,0,0,0,0.9261,3.5231,4.9032,5.1195,5.7961,5.3492,5.2578,5.8609,5.0117,4.5621,4.396,4.5746,4.5679,4.3732,3.958,3.8274,3.5308,4.5421,2.981,2.7723,2.4217,2.0224,2.5726,2.0332,2.1606,3.5194,3.9338,3.4453,3.7887,4.9797,5.3853,4.7979,6.3841,6.8452,7.0818,6.6374,6.7618,6.562,5.7896,4.7307,3.5619,3.2749,3.533,1.832,1.2521,0.6695,0.2148,0.106,0,0.0134,0.0268,0,0,0,21,21
91,0.007861,171.327,0,0,0,0,0,0,0,0,0,0,0,0,0,0,0,0,0,0,0.0431,1.843,3.009,4.5605,5.6312,6.3706,5.9232,5.3618,4.5535,4.1916,5.018,3.3984,3.9614,3.9843,3.5698,3.5985,3.0921,2.6842,2.9279,2.7221,2.1933,2.1923,2.3425,1.888,2.0704,2.1919,2.422,3.3014,3.2876,3.9003,4.1788,3.9254,5.0842,4.8643,5.7874,5.9594,5.8378,6.7427,5.6138,5.5086,4.4356,2.8034,2.4611,1.9206,2.1075,1.0062,0.4867,0.2356,0.0911,0.0417,0.0011,0,0,0,0,21,20
92,0.009896,166.824,0,0,0,0,0,0,0,0,0,0,0,0,0,0,0,0,0,0,0.034,1.0222,2.928,4.0581,4.9578,5.1403,4.5149,3.5545,4.6749,4.4911,3.7318,3.2402,3.666,4.4844,3.0235,3.2437,2.9001,2.6304,2.5266,2.3609,1.9841,1.9008,2.0724,1.9748,1.6221,2.0301,2.847,1.9699,2.8319,3.0377,3.3101,4.6151,4.29,5.466,5.2597,5.6858,6.7669,6.7088,6.4597,6.3513,5.3004,4.6118,3.8721,3.6238,2.6017,1.4218,0.6185,0.3228,0.0428,0,0.0405,0,0,0,0,21,20
93,0.012706,166.424,0,0,0,0,0,0,0,0,0,0,0,0,0,0,0,0,0,0,0,1.3416,3.221,4.1369,3.9764,4.4677,4.3697,4.0528,3.666,3.2628,3.7198,2.9671,2.9358,3.5652,2.9937,3.3076,3.3514,2.4353,2.7029,2.5059,1.9986,1.8425,1.6539,2.0516,1.568,2.3071,2.1844,2.4019,2.741,3.502,2.8356,3.9293,4.4777,4.2469,5.096,5.8968,5.7249,6.8308,6.4399,5.9691,5.8116,5.4296,5.0901,4.3718,3.7295,3.0011,1.3966,0.5463,0.0912,0.0186,0.1547,0.086,0.0199,0,0,20,20
94,0.0082,110.407,0,0,0,0,0,0,0,0,0,0,0,0,0,0,0,0,0,0,0,1.2945,2.3838,2.8078,2.4514,3.8596,2.834,2.8367,2.7457,2.0419,1.9187,2.6421,2.8199,2.3039,2.0478,2.1529,1.3815,1.6832,1.4729,1.461,1.4128,1.1211,0.9709,1.2135,0.844,1.1494,1.5394,1.1328,1.4553,2.5157,1.8794,2.4449,2.7914,3.2476,3.5024,3.8036,4.4749,3.6837,4.5288,4.1598,3.7168,3.2099,3.7051,2.7222,3.0147,1.5488,1.0365,0.3755,0.0262,0,0.0134,0.0269,0,0,0,20,20
95,0.006077,102.484,0,0,0,0,0,0,0,0,0,0,0,0,0,0,0,0,0,0,0.0416,0.9337,3.1617,3.3014,3.9149,4.556,3.7229,3.6675,2.9602,2.921,2.0681,2.134,2.229,1.7884,2.3763,1.676,1.791,1.7353,1.3239,1.4439,1.2224,1.4001,0.9439,0.9436,0.7945,0.7603,1.4347,1.5111,1.8389,1.7516,1.669,2.5198,2.1956,2.4339,2.95,2.5932,2.8925,3.6642,3.1024,4.0039,2.6195,2.8878,2.7329,2.2828,1.6438,1.1404,0.3751,0.2077,0.1428,0.0573,0.0213,0,0,0,0,20,18
96,0.007086,116.21,0,0,0,0,0,0,0,0,0,0,0,0,0,0,0,0,0,0,0.0995,1.0487,2.477,3.6915,4.1887,4.3408,3.796,4.2678,3.8725,2.7071,2.692,2.0489,2.3127,1.9934,2.2569,2.1204,2.2898,1.8022,1.0479,1.2257,0.9319,1.0797,1.1849,1.0854,1.5478,1.3802,1.4778,1.2129,1.7738,2.42,2.794,3.0143,2.7516,2.8676,3.5917,4.1833,3.7561,4.7655,4.1237,3.8558,3.7216,2.972,2.7499,2.2004,2.2106,1.0156,0.7891,0.2784,0.1804,0.0119,0,0.002,0,0,0,20,18
97,0.004628,111.316,0,0,0,0,0,0,0,0,0,0,0,0,0,0,0,0,0,0,0.0661,1.4285,2.8418,4.5467,4.5027,5.8158,5.0547,4.4043,3.8345,2.8264,2.9685,3.3082,3.7158,3.0584,2.3454,2.1115,1.9983,1.6509,1.9324,1.3828,1.2058,1.6208,1.1542,1.2144,0.9731,1.3736,1.4004,1.5698,1.9335,1.6926,2.0741,2.3909,1.9922,2.2035,3.2196,3.3601,2.9497,3.034,3.6857,2.5405,2.2023,1.9155,1.8024,1.6437,1.0574,0.7519,0.401,0.135,0.0243,0,0,0,0,0,0,18,18
98,0.007462,146.752,0,0,0,0,0,0,0,0,0,0,0,0,0,0,0,0,0,0,0,1.6219,3.5591,3.904,5.8788,5.895,6.5026,5.5932,4.2598,4.1487,4.4758,4.0092,3.7156,3.6717,3.331,2.7352,2.3454,2.7754,2.4603,2.0669,1.8889,1.5007,1.2643,2.0216,1.7517,1.7312,1.9982,1.9264,2.3289,2.5976,2.9307,3.6334,2.4166,3.3987,3.9729,4.1607,4.0036,4.6782,5.2491,3.8054,3.406,3.2296,2.5321,2.8414,2.0303,1.2974,0.8438,0.2573,0.025,0.0185,0.0624,0,0,0,0,18,18
99,0.005919,135.361,0,0,0,0,0,0,0,0,0,0,0,0,0,0,0,0,0,0,0.1579,1.3485,3.4438,5.5162,6.1216,7.4072,6.2435,5.8347,4.0805,4.0755,3.3451,3.699,2.8871,2.9472,2.6417,2.6838,2.3824,1.9583,1.8912,1.2822,1.6032,1.4329,1.0049,1.162,1.4857,1.5209,1.7112,2.0941,2.1231,2.5128,2.1522,2.8004,3.0721,2.8859,4.024,3.7565,4.2086,4.6338,4.6854,4.2298,3.3865,2.4693,2.2275,1.3889,1.2758,0.7811,0.4319,0.2261,0.1215,0.0059,0,0,0,0,0,18,18
100,0.011655,181.309,0,0,0,0,0,0,0,0,0,0,0,0,0,0,0,0,0,0,0.0671,1.9877,4.4753,5.1412,6.0685,6.3298,5.2785,4.8581,4.5098,4.194,4.8018,4.0728,4.0873,4.2042,3.9649,3.4206,3.1563,3.1802,2.9108,2.5345,1.9033,1.5907,2.0983,1.8418,1.8732,2.1559,2.0827,2.1123,2.8487,3.33,2.823,2.969,3.9513,4.8224,5.1811,7.1234,5.9313,7.168,8.0009,6.4106,5.6105,4.7068,4.2542,3.7435,3.0345,2.3096,1.3075,0.5692,0.1393,0.0891,0.0809,0.002,0,0,0,18,20
101,0.007714,136.981,0,0,0,0,0,0,0,0,0,0,0,0,0,0,0,0,0,0,0.0331,1.8221,3.0314,4.046,4.4511,5.1678,4.7527,4.8074,4.3987,3.8472,3.327,3.6767,3.0124,2.9539,3.2304,3.3022,2.8643,2.4152,1.9421,1.7838,1.953,1.3846,1.5834,0.9285,1.2424,1.6039,2.5846,1.9298,2.0567,2.446,2.503,3.1867,3.1719,2.8568,2.8946,3.8614,5.1866,4.3507,4.0549,4.2501,4.0207,3.741,2.7115,2.7326,2.1861,1.7147,0.5898,0.2319,0.0336,0.0635,0.0608,0,0,0,0,18,20
102,0.01108,203.041,0,0,0,0,0,0,0,0,0,0,0,0,0,0,0,0,0,0,0.0438,2.0989,3.4378,6.107,7.5746,7.5101,7.3537,6.806,5.1494,6.9799,5.7534,4.693,4.2749,4.7502,4.6022,4.8914,4.4884,4.0492,3.5628,2.7063,2.4436,2.3209,2.3104,2.3763,2.1947,1.9207,2.6668,2.8437,3.3485,3.9646,4.0217,4.5349,3.5353,6.0942,5.6304,6.9919,5.7893,6.6262,7.2629,5.5564,4.6336,4.6959,3.9256,3.6246,2.6033,2.1274,1.2036,0.5324,0.211,0.1065,0.0673,0.0431,0,0,0,20,20
103,0.009443,162.938,0,0,0,0,0,0,0,0,0,0,0,0,0,0,0,0,0,0,0.0663,1.235,3.7633,5.473,6.8404,6.2691,5.9903,5.2652,4.6257,4.3047,4.2176,3.7436,4.3782,3.5017,3.7446,3.4433,3.1645,2.2884,2.2122,2.2949,2.53,1.9373,1.9757,2.0049,1.6341,2.1295,1.656,1.9263,2.6831,2.709,3.1708,3.2318,3.7567,3.9674,3.7389,4.6209,5.3816,5.285,5.7265,4.879,4.3744,3.9446,3.7386,2.9993,2.2719,2.1942,0.7434,0.5068,0.2746,0.0455,0.0394,0.0393,0,0,0,20,21
104,0.006518,114.901,0,0,0,0,0,0,0,0,0,0,0,0,0,0,0,0,0,0,0.0761,1.2092,2.5996,3.3079,3.5387,4.2922,4.1916,3.8113,3.5322,3.1709,2.422,2.9615,2.522,2.7276,2.6608,2.263,1.8039,1.9584,1.697,1.5866,1.3371,0.9051,1.1792,1.5336,1.5696,1.3395,1.5311,1.4293,1.7442,2.1243,2.2337,2.4634,2.6789,2.4594,3.3262,3.2,3.8459,4.5078,4.4215,3.9019,3.4027,3.0484,2.2714,2.63,1.6013,0.9597,0.5239,0.2697,0.0837,0.0244,0.0218,0,0,0,0,20,20
105,0.009491,126.915,0,0,0,0,0,0,0,0,0,0,0,0,0,0,0,0,0,0,0,1.3037,2.4,3.295,3.4621,4.3502,3.6206,2.8186,2.9388,3.1257,2.8597,2.4921,2.3774,2.8675,2.5067,2.5357,2.0182,1.5944,1.234,1.1009,1.2979,1.3469,1.6299,1.0303,1.4437,1.5064,1.7594,1.4336,1.5093,2.6349,2.2091,3.1691,2.4805,3.6917,3.1654,3.6289,3.9997,5.5007,5.0823,5.1598,5.1143,4.3667,5.0288,4.743,2.827,1.2848,0.5712,0.1888,0.1302,0,0.0401,0,0.0396,0,0,21,20
106,0.007392,134.791,0,0,0,0,0,0,0,0,0,0,0,0,0,0,0,0,0,0,0,1.8292,3.1569,4.6073,5.5788,5.8751,5.8393,4.1295,4.4151,3.884,3.9017,2.549,2.0486,2.5752,2.8696,2.8813,2.4438,1.5866,1.9118,1.1462,1.4091,1.3458,1.4656,1.194,0.9504,1.9636,1.4527,1.3725,1.8355,2.7402,2.8225,2.6408,2.8809,4.0802,4.4764,4.3075,3.8501,5.3044,5.0867,4.6778,3.2838,2.7975,2.7124,2.4277,2.315,1.1523,0.5733,0.3127,0.0501,0,0.0406,0.0404,0,0,0,20,20
107,0.010201,158.143,0,0,0,0,0,0,0,0,0,0,0,0,0,0,0,0,0,0,0.0345,1.0124,3.3931,4.0952,5.8033,6.3278,6.7426,4.9798,3.9953,4.0851,4.3401,3.6364,3.2299,3.454,2.6658,2.1928,2.9251,2.5823,2.3937,2.3896,1.9769,1.3453,1.1161,1.2498,1.3883,1.914,2.2941,1.9481,1.7955,2.4856,2.6333,2.9506,3.898,5.0126,4.688,5.1857,4.6019,5.0035,6.8677,5.2174,4.9548,4.6222,4.8385,3.5434,2.7301,1.8386,1.1517,0.5198,0.0507,0.0188,0.0223,0,0,0,0,20,20
108,0.014654,169.816,0,0,0,0,0,0,0,0,0,0,0,0,0,0,0,0,0,0,0.0335,1.3985,3.0535,4.1427,4.005,4.6669,4.7514,4.5245,3.6392,3.6509,3.6774,3.0871,2.9648,2.8178,2.9075,2.8389,3.3009,2.0935,2.0195,2.2742,1.5145,1.5301,1.8456,1.2011,1.562,1.5101,1.7657,2.0087,2.8428,3.0629,2.9182,3.1788,3.2582,4.7088,5.8524,5.3627,5.7648,6.4339,6.7105,7.3993,7.6064,6.5529,7.3905,6.4294,4.9123,2.5955,0.9747,0.5582,0.2979,0.1184,0.0217,0,0.0739,0.005,0,20,20
109,0.004791,133.268,0,0,0,0,0,0,0,0,0,0,0,0,0,0,0,0,0,0,0.1389,1.4283,3.6396,5.6843,5.5656,6.7104,5.0591,4.7126,4.2352,4.4687,2.8264,3.4131,3.2393,2.6568,2.7974,2.2637,2.5555,1.8547,2.157,1.8059,1.6619,1.6432,1.2917,1.9133,1.763,2.0527,1.7758,2.2958,2.5127,2.4079,2.8978,3.1522,3.2972,3.7171,4.0254,4.4244,4.5243,4.0065,4.1968,3.7466,2.559,1.8679,1.7832,1.121,0.6364,0.3899,0.1578,0.0935,0.063,0.0567,0.0211,0,0,0,0,20,20
110,0.004623,122.888,0,0,0,0,0,0,0,0,0,0,0,0,0,0,0,0,0,0,0.1895,1.9951,4.0581,6.0256,5.7543,7.064,5.6695,4.9159,4.0508,4.5844,3.9604,3.2365,3.7851,3.0045,2.3203,1.9576,1.9073,1.5026,2.0002,1.5336,1.6356,1.016,1.4079,1.1707,0.9823,1.6981,1.1409,1.1673,2.0663,2.1641,2.4469,2.5288,2.6571,2.7903,3.1279,3.1187,3.2266,3.649,2.9804,2.7295,2.1199,2.1242,1.6403,1.2633,1.1564,0.6601,0.6263,0.0759,0.002,0,0,0,0,0,0,20,20
111,0.00937,190.563,0,0,0,0,0,0,0,0,0,0,0,0,0,0,0,0,0,0,0.1208,2.0466,3.5559,6.4175,6.7625,7.3403,6.836,7.3127,6.43,5.168,5.8033,4.4074,5.1845,4.5695,4.1175,4.0656,3.3773,2.9774,3.0503,2.9001,2.3602,2.1757,1.9797,2.1847,2.2417,2.4125,2.4229,2.2743,2.9673,2.6244,3.5505,4.8298,4.3919,6.192,5.5826,5.8654,5.8747,5.9077,6.3241,6.5478,3.9919,4.2702,3.3602,2.6106,1.9511,1.8316,0.7853,0.3288,0.1863,0.0719,0.0222,0,0,0,0,20,20
112,0.007194,137.421,0,0,0,0,0,0,0,0,0,0,0,0,0,0,0,0,0,0,0.0329,1.2995,3.8642,4.1712,5.6192,4.9306,5.519,4.909,5.0412,4.1655,2.6308,2.5762,2.8782,2.6922,2.8756,2.3392,2.2581,2.4626,1.5938,2.2808,1.5313,1.7243,1.4509,1.2279,1.269,1.5967,1.7523,1.7797,2.2139,3.1446,2.7396,2.8431,3.5986,3.8654,4.3167,3.6808,5.1696,4.6181,5.3114,4.1593,3.2022,2.834,2.5667,2.2114,2.0585,1.5503,0.593,0.1691,0.0636,0.0393,0,0,0,0,0,20,20
113,0.00779,127.49,0,0,0,0,0,0,0,0,0,0,0,0,0,0,0,0,0,0,0,1.3868,3.3296,3.822,5.1236,5.2606,4.6893,3.824,2.9111,2.5254,2.8115,2.6717,2.9866,2.5649,2.3449,2.2103,2.6185,1.5387,1.7779,1.2245,1.2808,1.0291,1.0925,1.0365,1.0648,1.4177,1.6431,1.773,2.4971,2.8847,3.329,2.8482,2.8579,3.2147,3.9602,3.399,3.9749,4.6185,5.2075,4.5878,4.0407,3.4108,3.162,2.6115,2.3225,1.5435,0.8656,0.1548,0,0.0395,0,0,0,0,0,20,21
114,0.008824,140.117,0,0,0,0,0,0,0,0,0,0,0,0,0,0,0,0,0,0,0.0413,1.3518,3.8118,4.6783,5.3248,5.831,6.1389,4.6639,5.014,3.9153,3.5975,3.2202,3.115,2.9232,2.7932,1.9116,1.9804,1.4633,1.7902,1.5331,1.4159,0.9625,1.3013,1.307,1.2975,1.401,1.1158,1.9049,2.5894,2.1384,2.5396,2.6129,3.4457,3.4018,4.3091,3.9116,4.8298,4.7042,4.3971,4.8307,4.3211,3.9123,3.577,2.4814,2.7502,2.0966,1.0393,0.2286,0.1508,0.0059,0,0,0,0.0384,0,20,21
115,0.007796,140.158,0,0,0,0,0,0,0,0,0,0,0,0,0,0,0,0,0,0,0,1.1312,3.1013,4.3913,5.702,5.8646,5.5829,4.9325,4.8775,4.7145,4.5653,3.4998,4.1041,2.8536,2.9611,2.9708,2.5812,1.8551,2.4514,2.2231,1.4773,1.3953,1.1607,1.0757,1.5378,1.6976,1.7774,1.8893,1.8331,2.1799,2.4951,3.3237,2.8619,3.2349,4.1487,3.8197,4.0591,3.6811,4.2148,3.8426,3.1198,3.2116,3.5097,3.0299,2.7354,1.3358,0.6721,0.3217,0.1136,0,0,0,0,0.0392,0,21,20
116,0.004168,127.984,0,0,0,0,0,0,0,0,0,0,0,0,0,0,0,0,0,0,0.0417,1.2838,3.9091,5.4064,5.8244,7.0309,6.5262,4.9715,4.6195,3.9737,4.0586,3.2003,2.9278,2.8412,2.6375,2.4066,2.4797,1.9562,2,1.71,1.3813,1.6976,1.2185,1.3331,1.6309,1.9823,1.6877,1.7813,2.2052,2.5574,3.2839,3.225,3.0057,2.7127,3.5936,3.1796,4.2848,2.5987,3.5197,3.4327,1.9629,1.8449,1.7683,0.9685,0.6089,0.4029,0.2334,0.0383,0,0,0.0393,0,0,0,0,21,20
117,0.008465,155.078,0,0,0,0,0,0,0,0,0,0,0,0,0,0,0,0,0,0,0,0.9336,3.3691,3.7032,5.5282,5.8331,4.8513,4.4164,4.1926,3.7627,4.3477,3.961,3.161,3.4656,2.6016,3.0235,2.8357,2.5444,2.4507,2.2481,2.1197,2.2108,1.6558,1.4728,1.4268,1.3853,2.0136,2.4811,2.949,2.9309,3.3452,3.3623,3.654,4.5534,5.2357,5.0806,4.7676,6.0429,5.9132,6.7323,4.238,3.8586,3.6924,2.7031,1.9687,1.1324,0.6515,0.2071,0.0241,0.0179,0.0213,0,0,0,0,20,20
118,0.010131,180.671,0,0,0,0,0,0,0,0,0,0,0,0,0,0,0,0,0,0,0.0418,1.2404,3.9192,4.5422,4.9806,4.8604,5.341,5.1259,4.244,4.0646,4.8942,3.6566,3.6189,3.7998,3.3073,3.205,2.9172,2.489,2.6829,2.6196,2.4196,2.2281,1.6742,2.1219,2.1301,2.8497,2.4813,2.8198,3.0003,3.8544,4.1957,4.3375,6.0016,5.6216,6.3081,6.2375,6.7158,7.042,8.4915,6.0313,5.8004,4.6037,4.0617,3.2663,2.573,1.2798,0.6536,0.2777,0.0337,0.006,0.002,0,0,0,0,20,21
119,0.008881,186.224,0,0,0,0,0,0,0,0,0,0,0,0,0,0,0,0,0,0,0.0329,1.5402,4.0684,5.5197,6.0416,5.9979,6.6602,6.5616,5.4692,5.1224,5.4769,3.8197,4.3093,4.4027,4.7262,3.8668,3.8067,3.7511,2.9283,2.5495,2.5783,2.4625,2.1152,1.9914,2.0118,2.2712,2.862,2.963,3.367,3.1869,3.6495,4.3882,5.0721,5.1392,5.0013,5.3003,6.3404,6.7034,7.4847,5.5238,4.7688,3.8468,3.4958,2.622,2.3244,1.326,0.6202,0.1327,0.0242,0,0,0,0,0,0,20,21
120,0.00951,203.066,0,0,0,0,0,0,0,0,0,0,0,0,0,0,0,0,0,0,0.1259,1.5433,3.7114,6.2527,7.4535,8.3204,8.1912,8.2534,6.8544,6.4269,6.7663,6.3665,5.2345,5.5781,5.4786,4.5503,3.7144,3.5553,2.7799,2.9221,2.3663,2.177,2.008,1.9011,1.9971,2.3564,2.7616,2.6573,2.9117,3.1145,4.1721,3.5653,4.216,5.1568,5.1625,5.4344,5.8596,6.1799,6.9211,5.9206,5.3953,5.0138,4.1706,3.1155,2.2764,1.4611,0.4369,0.173,0.0643,0.002,0,0,0.0392,0,0,21,21
121,0.010701,192.491,0,0,0,0,0,0,0,0,0,0,0,0,0,0,0,0,0,0,0,1.5337,3.9207,5.6413,6.3234,7.601,6.4425,6.2096,5.0351,5.517,5.305,4.698,4.4913,4.6252,4.5536,3.7413,3.5195,3.416,2.5973,3.3239,2.7717,2.1513,2.0664,2.0014,2.0469,2.0147,1.9454,2.7906,2.5677,2.6728,3.5444,3.6764,4.515,5.456,5.8287,6.4425,7.1954,6.8287,6.8956,6.4746,5.2157,4.8775,4.343,3.5208,3.0443,1.9028,0.9128,0.1255,0.0797,0.0471,0,0.0403,0,0,0,21,21
122,0.014001,207.04,0,0,0,0,0,0,0,0,0,0,0,0,0,0,0,0,0,0,0.0343,1.3854,3.6814,4.7378,6.6062,7.1998,5.7627,5.972,5.3402,5.1452,4.5576,4.6977,3.8693,3.668,4.8363,4.6552,3.1126,2.7691,2.7225,3.0909,2.6979,2.3081,2.4899,2.09,2.0247,2.2929,2.5073,2.6372,3.0468,4.0025,3.6873,3.9828,5.2017,6.2012,5.7391,7.3182,7.8961,7.9794,8.3483,7.9168,7.2277,5.9366,5.9959,4.5124,4.6606,2.5824,1.1348,0.4778,0.1769,0.0824,0,0.0407,0,0,0,21,21
123,0.008068,175.708,0,0,0,0,0,0,0,0,0,0,0,0,0,0,0,0,0,0,0.0432,1.2079,3.71,4.1517,5.6886,6.1335,6.156,5.5742,5.383,4.9713,4.8789,4.4236,4.3686,4.5349,4.2335,3.905,3.4265,2.8703,3.3903,2.5844,2.5739,2.0355,1.5853,2.0385,2.0215,1.9914,1.9412,2.5415,2.822,2.7314,3.2867,4.0421,4.2365,5.2208,5.3366,6.1108,6.7268,6.9853,6.1322,5.9603,5.4517,3.3364,3.7205,2.4427,1.6812,0.8535,0.1827,0.0829,0,0,0,0,0,0,0,21,21
124,0.009379,170.676,0,0,0,0,0,0,0,0,0,0,0,0,0,0,0,0,0,0,0.085,1.0415,3.2024,3.8184,5.1581,5.6422,5.9449,5.5049,4.5706,4.0024,4.4624,3.4704,3.6797,3.5781,2.85,3.7012,3.5593,2.7938,2.6139,2.2949,2.2263,1.8939,1.7026,1.841,1.3002,1.9355,1.9897,2.1015,2.2756,3.2873,3.9216,3.9267,3.7401,4.9176,4.9312,6.039,7.705,7.1765,7.1194,6.5718,6.2703,5.2103,4.3325,2.9881,1.978,1.0127,0.1459,0.0405,0,0.0987,0.0218,0,0,0,0,21,21
125,0.013399,240.77,0,0,0,0,0,0,0,0,0,0,0,0,0,0,0,0,0,0,0,1.703,4.901,6.432,7.53,7.677,7.01,6.575,6.015,5.766,5.539,6.057,5.609,5.386,4.585,5.594,4.012,4.021,4.015,3.483,3.163,2.546,2.549,2.504,2.408,2.97,2.676,2.839,3.762,3.994,4.601,5.061,5.141,6.721,6.983,8.953,9.441,9.6,10.706,10.036,9.199,7.501,6.784,4.544,2.578,0.937,0.507,0.077,0,0,0.04,0.039,0,0,0,21,23
126,0.007721,194.761,0,0,0,0,0,0,0,0,0,0,0,0,0,0,0,0,0,0,0.0847,1.7679,4.1352,5.9348,6.9382,8.5748,7.208,6.8083,7.5209,6.2286,6.032,5.5445,5.1026,3.9745,3.943,3.7195,4.112,2.9767,2.5161,2.6252,2.2912,2.2252,1.6377,2.0456,2.6237,3.065,2.6243,3.3367,3.929,4.0058,4.1531,4.4004,5.0443,4.7126,6.2923,6.1107,5.6858,7.0019,5.8975,4.911,4.8858,5.0496,3.2013,2.0233,1.0322,0.4733,0.1132,0.0799,0.0353,0.0243,0.0616,0,0.0395,0,0,21,23
127,0.010787,226.648,0,0,0,0,0,0,0,0,0,0,0,0,0,0,0,0,0,0,0,1.4602,4.149,5.8948,7.097,7.9718,6.9003,6.6039,6.4236,5.7224,4.6775,4.8008,5.6765,6.3544,5.2111,4.9227,4.218,3.8281,3.7313,3.9858,3.8147,3.8948,2.9864,2.81,2.8268,3.1209,3.0562,3.523,3.5137,4.4828,6.0157,4.8385,5.3216,6.1037,6.7492,7.4941,7.0804,8.5634,9.017,7.9144,6.8719,5.2322,4.9472,2.7438,2.4583,1.1109,0.3212,0.081,0,0.0418,0.0831,0,0,0,0,23,23
128,0.009554,169.927,0,0,0,0,0,0,0,0,0,0,0,0,0,0,0,0,0,0,0,0.8122,2.7429,3.5802,4.8667,4.3597,4.1182,4.0955,4.0474,4.2079,3.9567,3.5285,3.91,3.4956,4.1129,4.3188,3.2406,3.1693,2.4807,3.0108,2.4529,2.0468,1.8138,1.7806,1.7495,1.9579,2.3733,2.355,2.61,3.1082,4.0405,4.1406,4.4302,5.1585,5.6707,4.7212,7.2844,7.1287,6.3881,7.3239,6.4924,5.803,4.6625,3.5019,1.7948,0.8451,0.1583,0.0394,0,0,0,0.0402,0,0,0,23,23
129,0.009125,172.89,0,0,0,0,0,0,0,0,0,0,0,0,0,0,0,0,0,0,0.0334,0.9342,3.2586,4.7265,5.5493,6.0741,5.3666,4.7926,5.3559,3.9308,3.9786,3.8368,3.63,3.3281,2.8563,3.0384,3.4908,2.9297,3.0735,2.042,2.1733,1.9356,1.7176,1.886,1.7369,2.3917,2.3429,2.5097,2.984,3.4624,3.5942,4.0182,4.0621,4.4059,4.9538,6.2571,7.0161,7.1403,7.4905,8.0881,5.8584,4.5509,3.8864,3.4121,1.6798,0.9352,0.0919,0.0421,0.0401,0,0,0,0,0,0,23,21
130,0.009837,183.001,0,0,0,0,0,0,0,0,0,0,0,0,0,0,0,0,0,0,0.1504,1.2909,4.3124,5.1334,5.0411,7.1676,6.3941,5.0329,4.4301,4.7362,4.2837,3.8922,3.55,3.5079,3.7361,3.0581,3.2305,3.1638,2.3204,2.5848,2.0054,1.9633,1.9829,2.3674,2.4408,2.3486,2.4301,2.5499,3.0814,3.8962,3.3315,3.9969,3.9964,6.3014,4.9657,6.7302,6.9705,7.4092,7.3585,6.8697,6.0838,5.5163,4.7719,3.0976,2.0059,1.012,0.3038,0.0939,0.0582,0.006,0,0.0394,0,0,0,23,21
131,0.00998,206.704,0,0,0,0,0,0,0,0,0,0,0,0,0,0,0,0,0,0,0.034,1.1138,3.1656,4.9612,6.1607,6.6555,6.4333,6.1307,5.5657,5.2094,5.4083,4.9808,5.1716,4.3386,5.09,5.0231,3.8463,4.2054,3.205,2.7624,2.638,2.7289,2.3416,2.2536,2.3878,2.8197,2.9627,3.4283,3.1932,4.0029,4.54,4.6254,5.311,6.194,6.307,6.6303,7.9391,7.5802,7.8791,7.7074,6.8473,6.4237,4.872,3.1728,1.8824,0.4698,0.0264,0.0787,0,0,0,0,0,0,0,21,21
132,0.011084,265.411,0,0,0,0,0,0,0,0,0,0,0,0,0,0,0,0,0,0,0.043,1.385,4.209,6.021,7.934,9.173,10.503,8.49,7.387,7.094,8.783,6.914,7.269,7.686,6.175,5.747,5.407,4.49,4.228,4.705,3.583,2.929,3.205,3.291,3.543,3.998,4.043,5.326,4.522,5.316,5.568,6.311,6.672,7.42,8.368,8.325,10.003,9.352,8.91,8.271,7.465,4.932,3.723,3.453,1.903,0.658,0.36,0.08,0.121,0,0.04,0.04,0.04,0,0,21,22
133,0.008714,284.608,0,0,0,0,0,0,0,0,0,0,0,0,0,0,0,0,0,0,0.129,2.01,5.664,7.795,9.17,12.389,10.462,11.476,8.88,9.061,8.327,7.183,7.463,6.938,7.174,7.128,7.269,5.996,4.6,5.05,4.931,3.838,3.861,3.813,3.429,3.586,3.886,4.529,6.014,6.68,6.478,6.264,7.386,8.297,8.982,9.456,9.228,8.883,8.616,7.796,4.992,3.597,2.639,1.595,0.913,0.571,0.145,0.041,0,0,0,0,0,0,0,21,23
134,0.013436,260.497,0,0,0,0,0,0,0,0,0,0,0,0,0,0,0,0,0,0,0.033,1.812,3.81,6.246,6.586,8.328,6.685,7.34,6.553,7.005,6.162,5.623,6.344,6.047,6.05,6.426,5.013,5.085,4.526,3.661,3.694,3.242,3.002,2.615,2.814,3.338,4.033,3.479,3.949,5.362,5.715,6.34,5.475,6.647,8.382,9.431,9.959,10.918,11.291,10.667,8.774,7.944,5.811,4.27,2.485,1.034,0.285,0.176,0.027,0,0,0,0,0,0,22,23
135,0.011281,199.527,0,0,0,0,0,0,0,0,0,0,0,0,0,0,0,0,0,0,0.033,1.283,3.519,4.709,4.988,6.237,6.022,5.092,4.145,4.52,3.879,3.759,3.078,3.745,3.853,2.868,3.379,2.522,2.525,3.04,2.298,1.849,2.026,2.231,1.891,2.488,2.316,2.756,3.219,4.069,4.887,5.01,5.618,6.742,7.225,7.529,8.602,9.77,9.946,10.535,7.721,6.731,4.543,3.697,1.921,0.355,0.319,0.015,0.024,0,0,0,0,0,0,23,23
136,0.00807,178.494,0,0,0,0,0,0,0,0,0,0,0,0,0,0,0,0,0,0,0.0419,1.2504,3.0836,4.4749,4.5904,5.4016,4.6386,4.8876,4.5476,5.0991,4.759,3.2517,3.8338,4.2396,4.0985,2.9684,3.6845,2.9704,2.6376,2.5128,2.2366,2.6832,2.637,2.1051,2.0623,2.3846,2.6306,2.7309,3.5776,4.0794,4.682,4.434,5.4619,5.7314,6.1956,6.3668,7.3509,6.8586,8.1751,6.1873,5.6632,4.1417,3.3505,2.0162,1.1636,0.3953,0.142,0.0384,0,0.0397,0,0,0,0,0,23,23
137,0.012319,272.104,0,0,0,0,0,0,0,0,0,0,0,0,0,0,0,0,0,0,0.117,1.178,4.064,5.675,6.339,8.049,7.738,6.421,5.981,6.631,6.569,5.488,6.036,6.341,6.113,5.876,5.218,4.303,4.164,5.151,3.958,3.342,3.474,3.482,3.2,3.676,4.469,4.325,4.667,5.33,6.73,6.827,7.683,9.957,11.001,9.881,12.072,12.287,13.581,10.618,8.284,6.481,4.595,2.627,1.573,0.262,0.028,0.11,0.124,0.006,0,0,0,0,0,23,23
138,0.014404,319.432,0,0,0,0,0,0,0,0,0,0,0,0,0,0,0,0,0,0,0.034,2.092,5.473,6.49,7.54,9.468,9.295,8.75,7.045,6.745,7.564,6.788,6.248,6.484,5.392,6.392,6.359,4.34,5.075,4.178,4.076,4.542,3.645,4.049,3.642,3.464,4.589,4.636,5.275,7.918,8.844,9.31,9.458,10.998,12.293,13.275,15.329,14.923,14.77,14.59,11.659,7.456,4.807,2.523,1.075,0.308,0.145,0.041,0.035,0.006,0,0,0,0,0,23,22
139,0.014204,340.623,0,0,0,0,0,0,0,0,0,0,0,0,0,0,0,0,0,0,0.076,1.688,6.666,8.401,9.95,11.214,11.17,9.336,9.81,9.339,8.45,7.409,7.894,7.794,7.324,7.356,7.408,6.415,5.834,5.323,5.471,4.842,4.336,3.81,4.53,4.03,4.556,5.529,5.206,6.583,8.162,7.803,9.499,9.198,11.176,13.059,14.183,15.317,13.928,12.825,10.215,7.008,4.95,2.9,1.488,0.65,0.468,0.003,0.001,0.04,0,0,0,0,0,23,23
140,0.017294,313.925,0,0,0,0,0,0,0,0,0,0,0,0,0,0,0,0,0,0,0.145,2.221,4.434,6.816,8.104,7.482,7.694,8.191,7.65,7.434,6.437,6.526,5.852,6.918,5.927,5.435,5.85,4.764,4.804,4.038,3.576,3.276,3.323,3.244,3.894,4.567,3.697,4.548,4.892,6.454,6.351,7.725,7.949,10.056,11.194,13.263,13.113,15.687,15.872,15.594,11.421,10.892,8.65,4.872,2.226,0.528,0.217,0,0.035,0.049,0.013,0.027,0,0,0,22,23
141,0.011723,204.504,0,0,0,0,0,0,0,0,0,0,0,0,0,0,0,0,0,0,0.034,1.342,2.802,4.599,5.327,5.019,5.536,5.397,3.983,3.912,3.316,3.566,4.347,4.136,3.852,3.864,2.777,3.213,3.601,2.584,2.252,2.599,1.502,1.547,1.639,2.026,3.214,2.748,3.565,4.028,4.658,5.005,5.551,6.538,6.629,8.311,9.107,10.273,11.626,10.278,9.926,7.603,6.562,2.612,1.049,0.287,0.085,0.078,0,0,0,0,0,0,0,23,21
142,0.012183,208.607,0,0,0,0,0,0,0,0,0,0,0,0,0,0,0,0,0,0,0.076,1.227,3.192,3.802,4.544,5.089,5.307,5.317,4.224,4.979,4.468,3.591,3.772,3.688,3.863,3.498,3.279,3.732,2.757,2.339,2.292,2.439,2.037,2.406,2.375,2.68,2.847,3.086,3.329,4.091,5.407,4.591,5.786,6.772,6.023,7.5,8.686,10.78,11.455,11.536,10.665,8.365,6.167,3.148,0.918,0.229,0.052,0.137,0.059,0.006,0,0,0,0,0,23,21
143,0.009121,202.411,0,0,0,0,0,0,0,0,0,0,0,0,0,0,0,0,0,0,0.0334,1.0981,3.3963,4.117,6.4713,5.4841,5.0114,5.3893,4.4256,4.8155,4.2683,3.8523,4.106,4.6743,4.2335,4.0925,3.6608,3.6968,3.5954,3.4606,2.3523,2.0389,2.4859,2.5144,2.0272,2.6586,3.1913,3.3064,4.0891,4.5513,4.6775,5.6725,6.3123,6.2052,6.5697,8.1165,9.5542,8.9492,9.4469,8.7635,6.9797,5.998,3.9198,1.4395,0.5084,0.1603,0.0403,0,0,0,0,0,0,0,0,21,21
144,0.011225,236.972,0,0,0,0,0,0,0,0,0,0,0,0,0,0,0,0,0,0,0.076,1.103,3.945,4.236,5.869,6.481,6.029,5.56,4.834,5.142,5.106,3.947,5.351,4.62,4.499,3.566,3.543,3.665,3.06,3.534,3.03,2.697,2.174,2.475,2.775,3.126,3.763,3.547,4.129,5.419,6.381,5.779,6.618,8.266,10.018,11.177,12.049,12.154,13.845,12.327,8.76,6.968,3.263,1.238,0.688,0.14,0.001,0,0,0,0,0,0,0,0,21,21
145,0.009537,287.345,0,0,0,0,0,0,0,0,0,0,0,0,0,0,0,0,0,0,0.069,1.311,4.273,6.531,8.254,7.757,7.723,8.532,7.048,6.779,7.713,7.449,7.694,6.9,7.621,7.213,7.122,6.393,5.555,5.338,5.592,4,3.48,4.294,3.948,4.29,4.411,4.736,4.58,6.782,8.322,8.341,8.883,9.653,9.344,10.49,11.519,12.501,11.005,9.027,6.726,4.086,2.547,0.765,0.544,0.082,0.041,0.041,0,0.041,0,0,0,0,0,21,21
146,0.009969,206.521,0,0,0,0,0,0,0,0,0,0,0,0,0,0,0,0,0,0,0.034,1.122,3.15,3.666,5.053,4.711,5.556,5.662,3.953,4.708,4.09,3.688,3.773,2.952,3.462,4.143,3.979,3.624,3.516,2.967,2.987,2.063,2.513,2.347,2.701,2.465,2.791,3.085,3.464,4.594,4.621,5.525,5.939,6.735,8.207,9.625,10.417,10.428,12.349,10.829,7.807,5.895,3.246,1.163,0.59,0.273,0.052,0,0,0,0,0,0,0,0,21,21
147,0.007795,185.862,0,0,0,0,0,0,0,0,0,0,0,0,0,0,0,0,0,0,0.0686,1.0363,2.1959,3.2203,3.4194,4.7233,5.2642,4.8146,4.309,3.494,3.9697,4.5003,4.3026,4.2193,3.5965,4.3733,3.8928,3.4444,3.5966,3.921,3.0429,3.0094,2.2579,2.3359,2.6332,2.8673,2.4002,2.7628,3.2455,3.8497,4.4483,5.1328,5.025,6.6659,6.4171,7.1079,8.6294,9.6443,8.6252,9.0801,6.5796,4.4167,2.2758,0.7637,0.1794,0.0521,0.0105,0.0413,0,0,0,0,0,0,0,21,21
148,0.007801,167.697,0,0,0,0,0,0,0,0,0,0,0,0,0,0,0,0,0,0,0.1431,1.1256,2.1704,2.9338,3.2027,4.0377,4.0791,3.7994,4.7647,3.0428,3.2695,3.4048,2.8862,3.2722,2.648,2.7807,2.6926,3.2332,2.4403,2.8236,2.1951,1.791,1.9835,2.3603,2.252,2.1656,2.5926,3.5939,3.8288,4.1569,3.9672,4.5713,4.6306,6.5935,6.2798,7.0564,7.9501,8.2963,9.4167,7.9731,6.7265,4.5655,2.4849,1.0074,0.425,0.0324,0.0102,0,0.0403,0,0,0,0,0,0,21,20
149,0.011473,223.519,0,0,0,0,0,0,0,0,0,0,0,0,0,0,0,0,0,0,0.077,1.164,2.497,4.674,5.29,5.384,6.093,4.984,4.909,4.333,4.334,4.878,3.782,4.242,3.424,4.325,4.129,3.305,3.303,2.834,2.551,2.509,2.129,2.608,2.739,2.749,3.323,3.061,4.394,4.943,4.894,6.178,5.67,7.928,8.269,9.463,11.327,13.144,12.481,11.897,9.103,6.869,4.605,1.716,0.723,0.123,0.082,0,0,0.081,0,0,0,0,0,21,20
150,0.009819,211.783,0,0,0,0,0,0,0,0,0,0,0,0,0,0,0,0,0,0,0.068,1.072,3.427,5.028,5.522,5.759,6.153,5.691,5.533,5.333,5.218,4.296,4.35,4.318,4.714,4.582,3.403,3.542,3.369,3.441,2.854,2.189,2.21,2.448,2.811,2.457,2.819,3.668,3.436,5.011,4.71,5.582,5.956,6.263,6.57,8.797,8.989,10.507,9.058,9.699,7.69,6.095,4.061,2.1,0.718,0.102,0.166,0,0,0,0,0,0,0,0,20,18
151,0.013623,249.894,0,0,0,0,0,0,0,0,0,0,0,0,0,0,0,0,0,0,0,1.552,4.496,4.673,6.277,5.979,6.667,6.286,5.881,5.006,4.7,5.468,4.787,4.691,4.891,5.304,4.119,3.599,3.352,3.575,3.215,3.173,3.037,2.6,2.938,3.174,3.928,4.16,4.059,5.192,5.054,5.675,6.22,7.728,9.043,9.498,10.427,11.525,12.982,12.915,11.837,8.967,6.3,3.05,1.107,0.436,0.101,0.13,0.121,0,0,0,0,0,0,20,18
152,0.009907,197.783,0,0,0,0,0,0,0,0,0,0,0,0,0,0,0,0,0,0,0.043,0.925,3.427,4.013,5.187,5.118,5.029,4.882,4.478,3.767,4.087,4.088,4.08,3.702,4.023,3.795,4.666,4.705,2.962,2.582,1.793,2.123,2.357,1.821,2.102,2.669,2.616,2.956,3.155,3.981,4.154,5.062,5.933,6.253,6.342,8.254,8.232,10.138,11.189,10.073,7.807,5.781,4.771,1.663,0.669,0.246,0.082,0.002,0,0,0,0,0,0,0,18,18
153,0.007502,152.17,0,0,0,0,0,0,0,0,0,0,0,0,0,0,0,0,0,0,0.0774,0.909,2.517,3.4821,4.6765,4.602,2.8508,3.7868,3.2102,3.5843,3.2531,3.6244,2.5729,3.2478,3.219,2.3017,2.9572,2.3428,2.3126,1.993,2.2946,2.0444,1.7254,2.0822,1.5243,2.1302,2.1714,2.4559,2.656,3.5467,3.0355,4.0153,3.8286,5.1041,5.0294,6.7101,6.549,7.7147,7.3745,6.2157,5.6455,5.3898,3.2626,1.1852,0.7146,0.0799,0,0.0571,0.0599,0.0062,0,0.0201,0.0202,0,0,18,18
154,0.00533,121.237,0,0,0,0,0,0,0,0,0,0,0,0,0,0,0,0,0,0,0.1437,0.9951,2.3626,2.8336,2.9723,3.4126,3.208,2.751,2.3051,2.1393,2.1884,2.303,2.2747,2.4376,2.4479,2.102,2.8486,2.6047,1.9632,1.8236,1.7584,1.7967,1.5849,1.7134,1.7696,1.6177,2.0678,1.836,2.4717,2.8274,2.4705,3.8571,3.991,3.9808,4.2647,5.1937,5.2679,5.1544,6.5635,4.2636,4.0605,3.4371,1.5806,1.0914,0.2973,0.1107,0.051,0,0.0343,0.0061,0,0,0,0,0,18,18
155,0.017312,294.704,0,0,0,0,0,0,0,0,0,0,0,0,0,0,0,0,0,0,0,1.25,2.916,4.077,5.578,6.087,5.594,5.451,5.054,4.536,4.317,4.302,4.652,4.009,4.413,3.72,4.324,3.604,4.319,4.341,3.423,3.398,2.594,3.001,2.647,3.354,4.633,4.036,4.99,5.523,6.796,7.911,8.866,11.066,13.302,15.194,17.518,19.392,21.411,18.182,14.986,10.333,6.256,2.02,0.91,0.233,0.064,0.018,0.026,0.042,0.014,0.027,0,0,0,18,18
156,0.012742,282.266,0,0,0,0,0,0,0,0,0,0,0,0,0,0,0,0,0,0,0.034,1.223,3.527,4.656,6.608,7.009,7.142,6.516,5.755,5.535,5.852,5.226,5.44,5.106,5.096,5.359,4.771,4.42,3.98,4.168,3.575,3.094,3.369,3.46,3.512,4.353,4.902,4.939,6.21,7.472,7.132,8.574,8.762,10.483,11.386,13.694,13.954,16.653,15.549,13.198,8.556,5.803,3.629,1.528,0.476,0.198,0.176,0.041,0.041,0.082,0,0.02,0.02,0,0,18,20
157,0.011035,283.17,0,0,0,0,0,0,0,0,0,0,0,0,0,0,0,0,0,0,0,1.518,3.464,5.03,6.309,7.462,6.524,6.645,6.67,5.691,5.549,5.139,5.624,6.511,4.769,5.421,5.308,5.407,4.737,5.04,4.452,4.559,3.52,3.053,3.631,4.205,5.299,5.445,6.947,7.627,8.398,8.258,9.07,10.439,11.397,12.964,13.827,15.83,13.565,11.91,7.35,4.293,2.646,1.247,0.38,0.031,0.01,0,0,0,0,0,0,0,0,18,21
158,0.010723,221.206,0,0,0,0,0,0,0,0,0,0,0,0,0,0,0,0,0,0,0.042,1.256,2.541,3.621,4.262,3.609,4.34,4.077,3.916,3.631,2.963,3.516,3.19,3.254,3.922,4.67,4.421,3.542,3.428,3.788,3.012,3.199,3.137,2.785,2.45,2.989,3.249,4.25,4.7,4.916,6.239,6.135,7.39,8.992,9.526,10.242,12.466,13.685,12.855,11.391,9.447,5.59,3.183,1.085,0.155,0.103,0.004,0.039,0,0,0,0,0,0,0,20,21
159,0.014636,275.558,0,0,0,0,0,0,0,0,0,0,0,0,0,0,0,0,0,0,0,0.969,2.984,4.307,5.058,4.711,5.02,5.106,3.76,5.304,4.441,3.756,4.398,4.149,4.531,5.729,4.108,4.172,3.226,3.951,3.421,3.04,3.205,2.99,3.025,3.943,4.117,4.725,5.338,5.545,6.618,8.238,9.083,11.043,11.513,14.36,15.674,17.487,18.089,17.928,12.02,8.026,4.192,1.39,0.724,0.103,0,0,0.042,0,0,0,0,0,0,21,23
160,0.016738,314.347,0,0,0,0,0,0,0,0,0,0,0,0,0,0,0,0,0,0,0.034,1.773,3.267,4.837,5.878,6.326,5.749,6.017,4.814,5.688,6.247,4.922,5.275,4.48,5.888,4.771,4.621,4.656,4.437,4.267,4.349,3.441,3.663,3.323,3.759,3.682,4.702,4.533,5.314,6.325,8.349,9.103,9.02,11.353,14.79,16.615,17.187,20.809,20.769,18.798,13.691,9.168,4.796,1.789,0.411,0.247,0.091,0.24,0.082,0,0,0,0,0,0,21,23
161,0.015561,288.611,0,0,0,0,0,0,0,0,0,0,0,0,0,0,0,0,0,0,0.042,0.962,2.997,4.073,5.266,5.55,5.771,4.871,6.056,4.528,4.653,5.247,4.563,5.348,4.628,5.065,4.313,4.363,4.358,4.424,3.684,3.336,3.324,3.266,3.009,3.717,3.979,4.962,5.185,6.001,8.232,8.047,9.398,10.936,10.591,13.601,16.448,18.741,18.906,15.456,13.419,8.985,5.158,1.71,0.952,0.313,0.057,0.039,0.042,0.04,0,0,0,0,0,23,23
162,0.009452,205.656,0,0,0,0,0,0,0,0,0,0,0,0,0,0,0,0,0,0,0.118,1.356,3.553,4.638,5.547,5.812,5.931,5.06,4.563,4.077,5.049,3.64,3.792,3.745,3.656,3.745,3.579,3.254,2.892,2.981,2.752,3.079,2.292,2.178,2.407,2.581,2.656,3.304,3.953,4.69,5.199,5.101,5.751,6.684,8.146,8.99,9.956,11.396,10.724,8.904,6.918,5.338,3.273,1.479,0.654,0.209,0.014,0,0,0,0.013,0.027,0,0,0,23,22
163,0.012395,269.899,0,0,0,0,0,0,0,0,0,0,0,0,0,0,0,0,0,0,0,1.235,3.431,4.121,6.137,6.758,6.015,6.427,5.624,5.256,5.357,5.9,5.337,6.678,5.233,5.905,4.942,4.559,4.162,4.413,3.638,3.606,3.599,3.889,3.092,3.239,4.079,4.378,5.194,6.12,6.018,7.38,8.483,9.3,11.062,12.226,13.264,13.164,14.489,11.963,10.394,7.364,3.604,2.016,0.554,0.185,0.064,0.044,0,0,0,0,0,0,0,23,21
164,0.011009,213.927,0,0,0,0,0,0,0,0,0,0,0,0,0,0,0,0,0,0,0.143,0.873,3.202,3.404,4.963,5.38,4.772,4.77,4.05,4.352,4.504,3.823,3.669,3.574,3.621,3.522,4.072,3.33,2.904,3.354,3.127,2.527,2.572,2.939,2.217,2.39,2.244,2.877,3.16,4.942,5.983,5.938,6.291,6.774,7.802,9.974,10.637,11.733,12.798,11.54,10.243,7.104,3.736,1.293,0.591,0.195,0.012,0.003,0.001,0,0,0,0,0,0,22,21
165,0.013932,248.511,0,0,0,0,0,0,0,0,0,0,0,0,0,0,0,0,0,0,0.042,1.374,3.47,4.215,4.555,5.456,5.311,4.553,5.245,4.084,3.562,3.918,4.358,3.839,4.655,3.347,4.452,4.031,3.883,2.844,2.399,2.894,2.892,3.057,3.357,3.277,3.93,4.005,3.871,4.626,5.957,6.071,6.118,9.103,10.49,11.132,12.503,14.988,16.125,14.456,12.547,8.831,5.666,2.305,0.429,0.081,0.162,0.016,0.025,0,0,0,0,0,0,21,21
166,0.012002,198.642,0,0,0,0,0,0,0,0,0,0,0,0,0,0,0,0,0,0,0.034,1.141,1.723,3.443,3.862,3.739,4.597,3.338,2.924,2.824,2.711,2.641,3.264,3.229,3.713,3.637,3.29,2.787,2.683,2.61,2.28,2.189,1.553,1.985,1.994,2.932,3.428,2.961,3.347,4.08,4.402,5.228,6.53,6.65,8.296,8.514,11.599,11.579,12.333,11.68,10.056,7.697,5.382,2.786,0.619,0.183,0.086,0,0,0.081,0,0,0,0,0,21,21
167,0.010685,283.273,0,0,0,0,0,0,0,0,0,0,0,0,0,0,0,0,0,0,0.102,1.366,4.079,6.301,6.331,7.278,7.804,7.322,6.822,6.411,6.831,6.132,5.751,6.247,6.253,6.272,6.499,5.538,5.206,4.925,4.852,4.119,3.934,3.689,3.558,4.345,5.337,5.217,5.904,7.266,7.747,8.398,10.515,10.699,10.609,10.337,11.606,10.83,11.426,10.224,7.747,5.696,3.446,1.467,0.611,0.101,0.046,0.079,0,0,0,0,0,0,0,21,21
168,0.007521,222.595,0,0,0,0,0,0,0,0,0,0,0,0,0,0,0,0,0,0,0.1468,1.5925,3.7522,5.4021,6.9068,6.4346,6.5139,5.3821,4.3314,5.7218,5.2209,5.4178,5.955,5.7962,6.235,5.3,5.6301,4.5484,4.31,4.8396,3.882,4.0182,4.3049,3.62,3.2666,3.7396,3.97,4.2815,4.5114,4.9477,4.6209,5.5456,5.6359,5.4805,7.0747,6.9512,9.0775,7.8135,9.3882,8.1643,5.363,4.0994,2.104,0.8872,0.2842,0.0418,0.0836,0,0,0,0,0,0,0,0,21,21
169,0.009447,187.352,0,0,0,0,0,0,0,0,0,0,0,0,0,0,0,0,0,0,0,1.138,2.219,3.654,4.586,4.046,4.686,4.201,3.435,3.505,2.781,3.671,3.943,3.787,3.978,2.682,4.301,2.978,3.18,3.354,3.082,2.311,2.047,1.95,2.718,2.377,2.38,2.949,3.239,4.546,4.543,4.291,5.713,5.693,6.441,8.197,10.064,10.437,9.418,9.568,6.813,5.795,4.324,1.298,0.77,0.18,0,0.016,0.027,0.019,0.022,0,0,0,0,21,20
170,0.011197,197.025,0,0,0,0,0,0,0,0,0,0,0,0,0,0,0,0,0,0,0.076,1.314,2.956,4.166,4.068,4.414,4.236,3.968,3.577,3.471,3.513,3.036,3.276,2.846,2.929,2.74,3.446,2.71,2.438,2.849,2.52,2.552,2.44,2.32,2.444,2.445,2.538,2.879,3.628,3.95,4.816,5.9,5.46,6.373,7.197,8.599,9.899,11.801,11.557,10.999,9.128,7.576,4.439,2.461,0.733,0.191,0.071,0.016,0.025,0.04,0,0,0,0,0,21,20
171,0.008012,155.018,0,0,0,0,0,0,0,0,0,0,0,0,0,0,0,0,0,0,0.0338,1.0163,1.7991,2.9763,3.3319,3.9648,4.149,2.791,2.8084,2.4829,2.2599,2.9027,2.5123,3.2497,2.1258,2.2207,2.2792,2.5383,2.8249,2.2616,2.2912,1.9112,1.8607,1.7301,1.9074,1.9548,2.3914,2.3893,3.5383,3.615,3.8858,3.749,4.8085,5.1988,6.288,7.0159,7.3122,8.7933,9.4579,8.3249,6.4337,4.7915,2.9766,1.1186,0.5621,0.1017,0.0016,0.0392,0.0344,0.0061,0,0,0,0,0,20,20
172,0.009416,208.445,0,0,0,0,0,0,0,0,0,0,0,0,0,0,0,0,0,0,0.0433,0.9501,3.6792,4.7503,5.2438,5.4644,5.9102,5.5413,5.2555,4.1069,4.5301,4.5421,4.1953,4.479,5.1749,3.1881,3.0984,4.374,3.6257,3.3634,3.0508,2.9548,2.6159,2.4374,2.7069,2.6064,2.8057,3.1678,3.1891,3.5278,4.7941,6.1398,6.0112,6.8615,8.1055,9.3091,9.3533,9.3744,9.7731,8.6958,7.6721,5.3164,3.9389,1.8445,0.5312,0.0521,0.0105,0.0413,0.0411,0,0,0,0,0,0,20,20
173,0.010507,243.52,0,0,0,0,0,0,0,0,0,0,0,0,0,0,0,0,0,0,0.077,1.509,3.58,3.846,5.9,6.417,6.696,6.057,4.988,5.157,4.417,4.345,4.739,5.632,5.349,5.471,4.369,4.57,4.169,3.812,3.768,3.351,2.836,3.915,3.661,3.815,3.777,4.588,4.827,5.902,6.104,6.398,7.957,8.472,9.167,10.151,11.059,12.277,10.447,10.309,7.534,5.967,3.24,2.001,0.564,0.127,0.045,0.12,0,0.041,0,0,0,0,0,20,20
174,0.009568,166.585,0,0,0,0,0,0,0,0,0,0,0,0,0,0,0,0,0,0,0.0338,0.7441,2.2969,3.159,4.0052,3.9352,3.5556,3.1619,2.7968,2.8703,2.8271,2.7956,2.7316,2.9113,2.8311,2.8549,3.5048,2.9892,3.3097,2.4383,2.2764,1.7036,2.2688,2.0168,1.899,1.3587,1.6305,3.2511,3.3289,3.0179,3.9056,4.5701,4.6191,5.6793,5.7129,6.4179,7.6665,9.7505,9.118,8.3148,7.8603,7.2231,4.637,1.5172,0.4589,0.2854,0.1836,0,0.0405,0.0403,0.0803,0,0,0,0,20,20
175,0.00586,159.826,0,0,0,0,0,0,0,0,0,0,0,0,0,0,0,0,0,0,0.0759,1.2408,3.6672,3.8159,6.0192,5.328,5.8465,4.6514,4.1384,4.0371,4.2257,3.4362,3.0314,4.0268,3.8141,3.1773,3.1216,3.6803,3.351,3.2339,2.9824,2.909,2.3408,2.2219,2.2673,2.3166,2.3829,2.5194,3.0031,3.6092,3.9187,4.0901,4.2395,4.6863,4.555,4.6746,5.3358,5.6474,5.5352,4.66,3.955,3.744,2.3386,1.1898,0.5022,0.1606,0.002,0,0,0.0984,0.0217,0,0,0,0,20,20
176,0.009373,182.872,0,0,0,0,0,0,0,0,0,0,0,0,0,0,0,0,0,0,0.1183,1.355,3.6736,4.9938,5.4437,5.8567,6.5888,5.5379,4.8675,3.9379,4.1267,3.8301,3.6106,2.9271,3.6979,2.7481,2.8982,3.1258,2.5715,2.9286,2.743,1.8856,2.3812,2.259,2.0864,2.5226,2.3932,2.6235,3.1183,3.5782,4.2399,4.4735,4.6308,4.8316,6.5412,5.9588,7.2616,7.4653,7.5108,7.9491,6.7448,5.0899,3.921,3.3126,1.7044,0.6032,0.1221,0.0332,0.0493,0,0,0,0,0,0,20,19
177,0.007012,150.126,0,0,0,0,0,0,0,0,0,0,0,0,0,0,0,0,0,0,0.043,1.6653,3.527,3.8116,4.85,5.2997,5.2069,4.7484,4.2565,3.9515,3.5783,3.8018,3.7867,2.8963,3.3907,3.1413,2.6059,2.8037,2.7433,2.9214,1.5746,1.8824,1.7516,2.016,1.6609,1.6765,1.7928,2.5078,2.6617,3.146,2.9484,2.7249,3.2771,4.1737,3.9398,4.038,5.4453,5.8958,5.8861,5.6535,5.523,4.1315,3.1223,1.9596,1.0722,0.3695,0.1851,0,0,0,0.0809,0,0,0,0,20,18
178,0.010947,179.378,0,0,0,0,0,0,0,0,0,0,0,0,0,0,0,0,0,0,0,0.788,2.603,2.976,3.621,3.858,3.701,3.627,3.646,2.771,2.772,2.483,3.263,2.777,2.852,2.774,2.801,2.813,2.197,2.643,2.212,2.448,2.007,2.212,2.27,2.125,2.527,2.711,3.69,3.703,3.317,4.744,4.975,6.005,6.835,7.601,9.183,10.439,10.231,9.947,8.663,6.806,4.785,3.216,1.288,0.385,0.05,0,0,0.018,0.021,0,0,0,0,19,18
179,0.013046,219.016,0,0,0,0,0,0,0,0,0,0,0,0,0,0,0,0,0,0,0,1.295,3.376,4.767,5.586,5.186,5.229,5.163,4.616,4.317,4.378,4.006,3.795,3.347,3.692,3.837,4.187,3.407,2.582,3.143,2.194,2.901,2.378,2.759,2.335,2.499,2.912,2.986,3.112,3.801,4.869,5.248,5.642,7.513,8.528,9.227,9.729,12.133,11.465,10.258,9.786,7.32,6.007,4.552,2.093,0.685,0.167,0.004,0.002,0,0,0,0,0,0,18,19
180,0.012142,197.035,0,0,0,0,0,0,0,0,0,0,0,0,0,0,0,0,0,0,0.076,1.272,2.592,3.942,4.776,4.86,4.619,4.208,4.082,3.359,3.821,3.289,3.349,3,3.583,3.027,3.04,3.188,2.632,2.974,2.811,2.397,2.391,1.977,1.706,2.395,2.549,3.236,3.379,3.428,4.482,4.474,4.437,6.035,7.155,8.993,9.39,10.452,11.347,10.487,8.717,7.472,5.386,3.277,1.686,0.914,0.248,0.002,0.041,0.081,0,0,0,0,0,18,20
181,0.00851,178.693,0,0,0,0,0,0,0,0,0,0,0,0,0,0,0,0,0,0,0,1.1145,3.7671,3.9319,4.0543,6.0771,5.6306,4.262,4.9492,4.3876,4.0218,4.0599,4.1127,4.0978,4.0272,4.0348,3.3614,2.8167,3.0259,3.0586,2.4347,2.4189,2.2594,1.9346,2.2634,2.5266,2.6857,2.7466,3.0076,3.5467,4.2899,4.4978,4.6972,4.7467,5.6959,6.2269,7.6481,7.0717,7.7483,6.0615,5.918,5.2617,4.1404,2.2007,1.1588,0.4348,0.1566,0.0568,0.0658,0,0,0,0,0,0,19,20
182,0.008634,145.719,0,0,0,0,0,0,0,0,0,0,0,0,0,0,0,0,0,0,0.0338,0.5065,2.912,2.9655,3.7344,3.7155,3.9116,3.0976,2.3702,2.0759,3.2515,3.4293,2.5388,2.741,2.5501,2.048,2.6431,2.791,2.0336,2.0753,1.8244,1.8954,2.0779,1.4527,1.6645,1.7179,2.0438,2.1546,2.3868,2.8718,2.8262,2.9612,3.5037,4.7401,4.9388,6.0679,6.5936,6.5077,7.7217,7.5078,6.324,5.7436,4.7587,2.4451,1.1253,0.3489,0.0103,0.0406,0,0,0,0.0399,0,0,0,20,20
183,0.008916,149.242,0,0,0,0,0,0,0,0,0,0,0,0,0,0,0,0,0,0,0.0421,0.8215,2.4935,2.6042,3.3569,3.2453,3.6245,3.0898,2.8696,2.7309,2.6719,2.4185,2.6331,3.1499,2.8618,3.1826,2.8209,2.3454,2.2936,2.0408,2.2249,1.5641,1.4675,1.6308,1.7881,1.7928,1.9372,2.0213,2.5247,2.9447,3.2234,3.2463,4.3006,3.7002,5.1951,5.9163,6.9036,7.0619,8.3278,8.8641,7.51,6.2648,4.1849,2.1782,0.6319,0.3399,0.0402,0.0155,0.0984,0.006,0,0.0395,0,0,0,20,20
184,0.008165,139.512,0,0,0,0,0,0,0,0,0,0,0,0,0,0,0,0,0,0,0,0.9234,1.9943,2.4015,2.3397,2.7631,3.0818,2.9256,2.2888,2.06,1.9833,2.5626,2.3496,2.8751,2.4765,2.0218,1.8919,2.4741,2.5722,2.6013,1.9138,1.8981,1.5661,1.9078,1.421,1.8132,1.8353,1.8948,2.1234,2.811,3.1421,3.2923,3.4033,4.6396,5.1735,5.4499,7.7091,7.4674,8.1691,7.479,7.856,6.4534,2.9699,1.7816,0.4982,0.2457,0.0105,0,0,0,0,0,0,0,0,20,20
185,0.009444,169.73,0,0,0,0,0,0,0,0,0,0,0,0,0,0,0,0,0,0,0.0846,1.1103,2.1222,3.5858,4.139,4.481,4.1406,3.2017,3.3737,3.5826,2.7652,3.315,2.8454,2.9884,3.8381,3.0501,2.8962,2.6852,2.6322,2.6354,2.4802,2.4685,1.9392,1.7647,2.1359,2.2548,2.7862,2.6726,3.2231,4.1984,4.2228,4.7569,4.8071,5.3146,4.8868,6.1565,7.3497,7.9115,8.8585,7.6327,7.3276,6.4659,4.1373,2.88,1.0405,0.4412,0.025,0.0388,0.0341,0.006,0.0399,0,0,0,0,20,20
186,0.010258,181.361,0,0,0,0,0,0,0,0,0,0,0,0,0,0,0,0,0,0,0,1.211,2.88,3.199,4.816,5.203,4.877,3.955,4.037,3.697,3.264,4.341,3.308,3.058,3.107,2.966,2.776,3.502,2.977,2.314,1.85,1.929,2.098,1.967,1.834,1.949,2.427,2.67,2.767,3.358,4.331,4.039,5.221,5.699,6.439,7.474,7.78,8.846,10.028,9.35,7.792,7.549,4.733,2.168,0.95,0.362,0.065,0.122,0,0.037,0.043,0,0,0,0,20,20
187,0.006814,189.296,0,0,0,0,0,0,0,0,0,0,0,0,0,0,0,0,0,0,0,1.8632,4.1946,4.3323,5.448,6.0446,6.434,6.0154,6.0717,6.1939,5.4508,5.1692,5.2512,4.6453,5.3008,4.9007,4.975,3.7023,3.82,3.6124,3.1727,2.4871,2.4927,2.5682,1.9845,2.3091,3.2062,3.2661,2.9478,3.7843,4.2492,4.3891,3.4664,4.8992,5.1416,6.1174,6.229,7.0714,6.0406,6.2928,4.7474,3.7377,2.5945,1.6193,0.6603,0.2284,0.0858,0.0566,0.0256,0,0,0,0,0,0,20,20
188,0.009824,183.898,0,0,0,0,0,0,0,0,0,0,0,0,0,0,0,0,0,0,0,1.3381,2.6905,3.2117,4.9841,4.7588,5.2662,4.3096,4.0743,3.2732,4.0133,3.4247,3.6699,3.5533,4.0154,3.7304,3.4827,3.673,2.2071,2.8488,2.3349,2.2578,2.0713,2.1822,2.2007,2.2408,2.5093,2.7762,3.142,3.7721,4.1547,3.938,4.0719,5.7122,6.9161,7.2626,8.6828,8.6399,9.6791,9.5305,7.2904,5.9088,3.8049,2.1254,1.5185,0.4655,0.1018,0.0019,0.0403,0,0.04,0,0,0,0,20,20
189,0.009799,226.202,0,0,0,0,0,0,0,0,0,0,0,0,0,0,0,0,0,0,0.123,1.364,3.422,4.021,5.735,6.658,6.064,5.602,5.118,4.656,5.123,5.199,5.506,5.08,4.562,4.959,5.132,5.115,4.73,3.661,3.325,3.846,3.271,3.623,3.178,3.667,3.232,3.731,4.219,4.537,5.442,5.438,5.493,6.887,7.32,8.157,9.559,10.233,9.668,8.909,7.677,6.047,4.165,1.575,0.759,0.323,0.011,0.042,0.042,0,0,0,0,0,0,20,20
190,0.014963,237.275,0,0,0,0,0,0,0,0,0,0,0,0,0,0,0,0,0,0,0.078,1.174,3.169,3.889,5.595,4.716,5.832,4.584,4.139,4.34,3.946,3.713,4.546,4.434,4.095,3.676,4,3.694,3.171,3.132,3.089,2.508,1.712,3.146,2.234,3.386,3.307,3.583,3.786,5.054,5.354,5.868,5.658,8.074,8.394,8.705,12.768,12.112,13.696,13.22,11.735,10.27,7.325,4.122,1.351,0.425,0.139,0.081,0.083,0,0.096,0.068,0,0,0,20,20
191,0.012935,239.346,0,0,0,0,0,0,0,0,0,0,0,0,0,0,0,0,0,0,0,1.349,4.013,5.315,6.288,6.323,5.954,6.309,4.985,4.905,4.616,4.711,4.666,4.328,4.315,3.897,4.189,3.395,3.502,3.175,3.148,2.973,2.166,2.709,3.156,3.074,3.622,3.609,3.669,4.674,5.678,6.207,5.888,7.345,7.375,9.837,11.376,12.857,13.386,11.959,9.401,7.884,6.044,3.275,1.269,0.429,0.061,0,0,0,0.013,0.027,0,0,0,20,21
192,0.011071,202.638,0,0,0,0,0,0,0,0,0,0,0,0,0,0,0,0,0,0,0.075,1.482,3.557,3.529,4.811,6.455,5.134,3.749,3.343,3.361,3.384,3.222,4.232,4.009,3.397,3.807,3.18,3,3.247,3.31,2.828,3.252,2.321,2.272,2.91,2.514,3.384,3.878,4.076,4.527,4.184,4.9,5.125,7.564,6.97,8.295,9.216,10.07,9.404,10.047,8.469,6.395,4.494,2.967,1.446,0.49,0.232,0.002,0,0.076,0.043,0,0,0,0,20,21
193,0.006644,178.553,0,0,0,0,0,0,0,0,0,0,0,0,0,0,0,0,0,0,0,1.3513,3.6165,4.6732,6.6035,6.6147,5.6835,5.6386,5.1369,5.4207,4.972,3.8787,4.4231,4.1596,4.3136,3.4051,3.7054,3.6651,3.0748,2.8248,2.7958,1.8444,2.3103,1.8957,2.3253,2.354,2.4566,3.4082,3.4193,3.9799,4.1866,4.475,5.1323,4.7195,5.8904,5.4635,6.3602,6.7313,6.39,5.8755,4.9966,3.6162,2.5389,1.5368,0.5251,0.0421,0.0005,0,0.1157,0.0061,0,0,0,0,0,21,21
194,0.009432,226.558,0,0,0,0,0,0,0,0,0,0,0,0,0,0,0,0,0,0,0,1.768,3.62,5.44,5.932,6.369,7.331,5.821,6.664,5.535,4.409,5.638,5.853,5.888,4.817,4.791,5.031,4.898,4.275,3.423,3.005,2.829,3.054,3.468,3.397,3.563,3.517,4.109,3.513,4.289,3.946,5.075,5.92,7.892,8.199,7.984,8.857,9.951,10.131,7.496,6.605,5.152,3.453,2.225,0.889,0.318,0.093,0.041,0.07,0.012,0,0,0,0,0,21,21
195,0.0128,246.609,0,0,0,0,0,0,0,0,0,0,0,0,0,0,0,0,0,0,0,1.692,2.754,4.517,5.593,5.094,5.755,5.51,4.716,5.676,4.716,4.767,5.059,4.687,4.128,4.004,4.223,3.589,4.121,3.574,3.243,3.113,3.249,2.684,3.061,3.3,3.342,3.955,4.435,4.967,5.978,6.498,8.463,7.501,9.283,10.932,13.398,13.152,13.542,12.535,9.58,7.057,4.79,2.672,0.985,0.491,0.108,0.079,0,0.041,0,0,0,0,0,21,21
196,0.014666,268.679,0,0,0,0,0,0,0,0,0,0,0,0,0,0,0,0,0,0,0.043,1.134,3.218,4.843,4.928,4.463,5.628,5.447,4.882,4.366,4.179,4.141,4.461,3.745,4.208,4.253,3.034,3.563,4.01,3.329,3.389,2.728,2.668,2.716,2.546,3.514,3.849,4.016,4.872,5.938,6.879,7.84,8.309,10.709,13.169,13.1,15.975,17.019,18.114,16.614,11.203,8.399,4.418,1.618,0.81,0.233,0.074,0.002,0.041,0,0.013,0.027,0,0,0,21,21
197,0.014364,288.83,0,0,0,0,0,0,0,0,0,0,0,0,0,0,0,0,0,0,0.128,1.018,3.559,5.073,5.663,6.251,6.477,5.71,5.05,4.548,4.803,5.035,3.791,5.251,6.287,5.37,5.48,4.481,5.348,4.006,3.993,4.022,3.341,4.327,3.689,3.942,3.82,4.805,5.117,6.942,6.979,6.58,8.432,10.083,11.482,13.386,16.385,16.906,17.968,16.24,12.657,8.393,4.049,1.243,0.43,0.143,0.065,0.081,0.001,0,0,0,0,0,0,21,21
198,0.011376,260.696,0,0,0,0,0,0,0,0,0,0,0,0,0,0,0,0,0,0,0.146,1.517,4.756,4.843,6.181,6.486,7.357,5.903,5.559,4.983,5.269,5.349,4.72,5.85,5.09,4.862,5.053,3.888,4.575,4.164,3.077,3.103,3.61,3.191,3.174,4.51,4.507,4.243,4.332,6.163,5.945,8.003,7.659,8.671,9.683,11.523,11.591,14.354,13.51,13.494,8.556,5.86,3.801,0.952,0.416,0.123,0.045,0.042,0,0,0,0,0,0,0,21,21
199,0.011697,259.168,0,0,0,0,0,0,0,0,0,0,0,0,0,0,0,0,0,0,0.077,1.332,3.419,5.004,4.801,5.436,4.678,4.529,4.317,4.957,5.028,4.61,4.039,4.547,4.463,4.386,4.487,5.21,3.771,3.867,3.533,2.94,3.064,3.27,3.468,3.399,3.596,4.313,5.303,6.092,7.134,7.666,8.17,9.963,11.464,13.044,14.575,17.221,16.885,13.978,9.285,4.863,2.071,0.59,0.26,0.062,0,0,0,0,0,0,0,0,0,21,21
200,0.016715,355.972,0,0,0,0,0,0,0,0,0,0,0,0,0,0,0,0,0,0,0.087,1.597,4.597,6.495,6.911,7.069,7.168,6.31,5.849,5.086,6.208,6.242,6.027,6.02,6.375,6.128,5.776,6.143,5.367,5.984,4.661,4.363,3.488,4.179,4.254,4.924,5.106,6.411,6.081,7.008,9.566,10.338,12.624,13.27,15.759,19.357,21.426,23.659,23.46,19.295,12.308,8.35,3.013,1.114,0.36,0.113,0.005,0,0.035,0.006,0,0,0,0,0,21,21
201,0.01582,348.88,0,0,0,0,0,0,0,0,0,0,0,0,0,0,0,0,0,0,0.034,1.889,5.6,5.46,6.862,7.561,8.216,7.445,6.733,6.135,5.785,5.939,6.103,5.693,5.226,6.163,6.362,6.132,5.058,5.726,4.559,3.905,4.387,4.637,5.194,5.397,4.847,5.484,6.665,7.861,9.317,11.539,11.238,12.959,15.767,18.152,18.242,22.582,21.026,17.242,10.497,6.546,3.672,2.133,0.577,0.241,0.01,0.041,0.035,0.006,0,0,0,0,0,21,21
202,0.013168,277.633,0,0,0,0,0,0,0,0,0,0,0,0,0,0,0,0,0,0,0,1.737,3.381,4.619,5.512,5.194,5.562,5.576,5.369,4.372,4.256,4.15,4.366,4.232,4.236,4.733,5.002,4.606,4.342,4.035,3.312,3.793,3.399,3.288,2.908,3.496,3.813,4.495,5.223,6.714,7.057,8.941,8.182,10.505,11.44,15.954,17.33,18.662,18.4,15.232,10.909,5.62,2.689,0.672,0.239,0.044,0.002,0,0,0,0.04,0,0,0,0,21,20
203,0.016934,352.583,0,0,0,0,0,0,0,0,0,0,0,0,0,0,0,0,0,0,0.034,1.238,4.261,4.878,6.969,6.578,6.729,6.025,6.694,5.153,6.154,5.394,6.48,6.881,5.653,5.885,5.653,6,6.108,5.229,4.264,4.591,3.866,3.259,4.138,4.8,4.217,5.516,5.766,7.686,7.903,9.999,11.531,14.142,15.849,19.451,23.483,24.756,25.143,20.556,12.837,6.289,2.563,1.39,0.367,0.102,0.042,0.039,0.041,0,0,0,0,0,0,21,20
204,0.007294,255.236,0,0,0,0,0,0,0,0,0,0,0,0,0,0,0,0,0,0,0.1455,1.8515,4.6748,6.1523,7.2631,9.4858,8.4429,7.794,6.7815,7.0144,6.2117,6.5951,6.3028,5.304,5.5197,6.3048,5.1158,5.4113,5.1696,4.9144,4.184,4.57,3.8697,3.6972,3.8071,4.4691,5.0127,4.3236,5.5306,6.5297,7.0587,7.3299,7.2839,8.8373,8.9871,8.7624,9.4248,8.9957,9.1568,8.0918,4.3485,2.5568,1.0316,0.4059,0.2502,0.1425,0.0427,0.0554,0.0251,0,0,0,0,0,0,20,20
205,0.015977,371.136,0,0,0,0,0,0,0,0,0,0,0,0,0,0,0,0,0,0,0.043,2.063,6.22,6.3,9.921,9.57,9.752,9.405,9.269,6.889,8.298,6.887,6.311,8.83,7.301,7.226,7.852,7.764,7.463,5.564,5.333,5.138,4.375,4.33,4.616,5.452,5.931,5.792,6.506,7.155,7.906,9.375,9.752,12.337,13.871,16.585,16.822,19.324,21.601,19.185,12.995,7.111,3.662,2.052,0.529,0.388,0.084,0.002,0,0,0,0,0,0,0,20,20
206,0.015772,294.876,0,0,0,0,0,0,0,0,0,0,0,0,0,0,0,0,0,0,0.034,1.728,3.952,5.028,6.382,6.534,6.496,5.931,5.245,5.374,5.139,4.768,4.571,4.934,4.911,4.867,4.432,5.183,4.662,4.294,3.944,3.577,2.994,2.963,2.748,3.082,4.571,4.836,4.829,6.163,8.017,8.377,8.377,10.448,11.981,14.415,14.83,17.055,18.211,17.828,13.047,9.295,5.112,2.281,0.917,0.38,0.052,0.016,0.025,0,0.013,0.027,0,0,0,20,18
207,0.01432,282.173,0,0,0,0,0,0,0,0,0,0,0,0,0,0,0,0,0,0,0,1.912,3.95,5.237,6.501,7.653,7.703,6.366,6.082,5.54,4.241,5.135,5.278,4.588,5.682,5.265,4.462,4.794,4.791,4.276,3.306,2.931,2.837,3.63,3.862,3.684,3.78,3.81,3.846,6.295,5.938,6.669,8.93,9.219,10.828,13.198,13.443,16.025,16.442,14.583,12.89,8.924,4.375,1.926,0.839,0.333,0.051,0.016,0.1,0.006,0,0,0,0,0,20,18
208,0.017133,318.049,0,0,0,0,0,0,0,0,0,0,0,0,0,0,0,0,0,0,0.068,2.136,5.007,7.148,8.439,7.437,8.558,7.296,5.947,6.065,6.457,5.668,5.055,5.271,4.692,5.447,4.951,5.101,4.749,4.806,3.761,2.861,2.898,2.626,2.918,3.666,4.025,4.719,4.679,6.184,7.438,8.345,8.946,11.114,12.335,15.997,15.708,17.838,19.407,17.954,13.173,9.097,6.405,3.372,1.408,0.653,0.141,0.04,0.035,0.006,0,0,0,0,0,18,18
209,0.012669,247.462,0,0,0,0,0,0,0,0,0,0,0,0,0,0,0,0,0,0,0.068,2.13,4.776,6.582,6.962,7.431,7.468,5.215,6.495,4.931,4.868,4.714,3.694,4.177,4.1,3.298,3.521,3.43,2.92,3.411,3.263,2.54,2.469,1.932,2.575,2.925,3.107,3.824,4.078,4.682,6.455,6.542,6.672,7.729,8.435,9.935,12.274,14.398,14.214,13.679,10.532,7.658,3.952,1.733,1.092,0.276,0.137,0.039,0.104,0.018,0,0,0,0,0,18,17
210,0.011737,227.742,0,0,0,0,0,0,0,0,0,0,0,0,0,0,0,0,0,0,0.176,2.122,5.469,7.744,7.609,7.265,7.605,6.088,4.978,4.314,4.806,3.217,4.053,3.449,3.375,3.178,4.044,3.002,2.508,3.302,2.366,1.951,2.649,2.342,2.712,2.591,3.066,2.85,3.33,5.276,4.864,5.118,5.929,7.481,8.413,8.513,11.255,10.468,12.372,11.98,8.394,6.163,4.454,2.529,1.426,0.574,0.135,0.109,0.089,0.018,0.022,0,0,0,0,18,16
211,0.009472,172.661,0,0,0,0,0,0,0,0,0,0,0,0,0,0,0,0,0,0,0.0423,1.4891,5.2161,4.7823,7.7462,6.3004,4.9981,4.4916,4.1659,3.8124,3.1773,2.3251,2.6772,2.2948,1.8929,2.3555,1.9929,1.5564,2.0403,2.2048,1.6844,1.6246,1.7015,1.8186,1.8139,1.8584,2.1,2.5034,2.3454,2.4361,3.3614,4.5197,4.1321,5.4198,7.04,6.6408,8.2503,8.3532,9.8022,8.7622,7.8668,5.7538,3.3886,2.0268,0.9052,0.5642,0.2654,0.072,0.0834,0.006,0,0,0,0,0,17,15
212,0.004108,113.575,0,0,0,0,0,0,0,0,0,0,0,0,0,0,0,0,0,0,0.1574,2.1404,4.5394,5.8502,6.5816,6.4678,5.5098,4.5641,3.3243,2.6782,2.043,2.2618,1.6006,1.2754,1.6189,1.5019,1.6548,1.3297,1.5592,0.9923,0.7187,0.9749,0.8109,1.0288,1.4446,1.3296,1.9186,1.3558,2.1144,2.6185,2.2915,2.4649,2.869,3.1603,3.4418,3.464,4.3205,3.8524,4.1514,3.7544,3.0535,2.3747,0.9543,0.7331,0.4086,0.1579,0.0794,0,0,0,0.0521,0.026,0,0,0,16,15
0,0,0,0.104,0.111,0.12,0.129,0.138,0.149,0.16,0.172,0.184,0.198,0.213,0.229,0.246,0.264,0.284,0.305,0.328,0.352,0.379,0.407,0.437,0.47,0.505,0.543,0.583,0.627,0.674,0.724,0.778,0.836,0.898,0.965,1.037,1.115,1.198,1.287,1.383,1.486,1.597,1.717,1.845,1.982,2.13,2.289,2.46,2.643,2.841,3.053,3.28,3.525,3.788,4.071,4.374,4.701,5.051,5.428,5.833,6.268,6.736,7.239,7.779,8.359,8.983,9.653,10.373,11.147,11.979,12.872,13.833,14.865,15.974,17.165,18.446,0,0
