Tiempo (min),LWC (g/m3),Cn(P/cm3),0.104,0.111,0.12,0.129,0.138,0.149,0.16,0.172,0.184,0.198,0.213,0.229,0.246,0.264,0.284,0.305,0.328,0.352,0.379,0.407,0.437,0.47,0.505,0.543,0.583,0.627,0.674,0.724,0.778,0.836,0.898,0.965,1.037,1.115,1.198,1.287,1.383,1.486,1.597,1.717,1.845,1.982,2.13,2.289,2.46,2.643,2.841,3.053,3.28,3.525,3.788,4.071,4.374,4.701,5.051,5.428,5.833,6.268,6.736,7.239,7.779,8.359,8.983,9.653,10.373,11.147,11.979,12.872,13.833,14.865,15.974,17.165,18.446,Visibilidad (m),Visibilidad corregida (m)
1,0.006119,377.432,0,0,0,0,0,0,0,0,0,0,0,0,0,0,0,0,0,0,0.107,2.268,6.653,10.459,14.192,16.837,17.476,16.118,16.078,15.016,16.305,16.167,14.785,15.354,13.174,11.16,9.776,9.769,9.258,7.684,7.31,6.504,5.192,5.824,6.507,7.808,7.31,7.226,8.303,9.596,8.256,7.643,7.551,6.817,6.499,5.976,5.448,4.039,3.438,2.686,2.021,1.559,1.45,1.131,0.957,0.96,0.287,0.437,0.057,0.006,0,0,0,0,0,40,100
2,0.004314,198.604,0,0,0,0,0,0,0,0,0,0,0,0,0,0,0,0,0,0,0,1.3541,3.2165,6.172,7.4057,6.7514,7.5728,6.9738,6.0088,5.2094,5.3096,4.6108,4.7573,5.9248,3.9268,4.1246,3.2509,2.7294,3.4494,3.4929,3.4592,3.287,2.737,3.708,3.6966,4.5438,5.1908,5.0315,6.3515,6.0797,6.326,7.0483,7.0891,6.9312,6.556,5.8874,6.3818,4.7767,4.275,2.9413,1.5752,1.4228,0.1838,0.3158,0.2319,0.2348,0.0235,0.0533,0.0241,0,0,0,0,0,0,100,40
3,0.005503,126.283,0,0,0,0,0,0,0,0,0,0,0,0,0,0,0,0,0,0,0.1896,0.8655,3.0999,5.0662,4.9807,4.8863,4.8749,4.1955,4.1191,3.0148,2.0678,2.7966,2.3373,1.7934,1.6017,1.634,1.4908,1.1531,1.0267,1.1242,1.161,0.7423,0.9689,1.1829,1.1059,1.0984,1.9945,2.2892,2.5587,3.2825,3.5952,3.0131,3.7069,4.5214,5.2108,5.2118,5.7401,6.7816,5.712,4.7537,3.3817,2.2642,1.4704,0.7092,0.6417,0.6102,0.1417,0.0912,0.0241,0,0,0,0,0,0,40,40
4,0.004299,108.878,0,0,0,0,0,0,0,0,0,0,0,0,0,0,0,0,0,0,0.0416,1.4089,4.217,4.9298,5.4647,4.9818,4.4013,3.3685,2.8985,3.2396,2.4306,1.7576,2.0923,2.1707,2.0301,1.6343,1.6392,1.223,0.9642,1.1549,1.2318,0.948,1.2113,1.0336,0.9557,1.3311,1.4822,1.8533,1.9495,2.0406,2.2713,2.7806,2.7699,3.3515,3.548,3.9082,5.0179,4.232,4.3475,2.7967,2.028,1.9963,1.312,0.998,0.6814,0.4942,0.2211,0.0382,0,0,0,0,0,0,0,40,40
5,0.005458,103.025,0,0,0,0,0,0,0,0,0,0,0,0,0,0,0,0,0,0,0.0825,1.2211,2.8706,4.9229,5.1555,5.3003,5.1083,3.9004,3.2307,3.0205,2.1563,2.193,1.7252,1.6169,1.2311,0.8745,0.7865,0.5901,1.0325,0.8148,1.1274,0.7866,0.6841,0.834,0.9105,1.104,1.0325,1.3506,2.0112,2.6703,2.1553,2.4688,2.7661,2.4982,3.0246,3.4614,3.6042,3.66,3.4543,3.3416,2.5546,2.7132,2.1568,1.9546,1.4322,0.7432,0.537,0.091,0.024,0.0391,0,0,0,0,0,40,40
6,0.004534,139.202,0,0,0,0,0,0,0,0,0,0,0,0,0,0,0,0,0,0,0.0736,1.1753,3.6545,5.8238,6.4473,6.504,6.5232,6.0505,4.6997,5.0337,4.9318,4.3778,4.5387,4.1399,3.6109,3.73,2.8497,2.6339,2.5832,2.3081,1.9609,1.4088,1.7538,1.8769,1.4295,1.762,2.0238,2.1991,2.1229,2.7267,2.5238,2.6383,2.5428,3.4757,2.5312,3.1783,3.6592,2.7518,2.8717,2.5756,2.4875,1.7958,1.7753,1.1493,0.8824,0.7907,0.4236,0.0782,0.078,0.0388,0,0,0,0,0,40,40
7,0.002946,255.686,0,0,0,0,0,0,0,0,0,0,0,0,0,0,0,0,0,0,0.074,2.138,5.707,8.993,10.82,12.639,11.927,11.345,12.416,11.307,11.868,11.628,11.424,11.112,10.983,9.351,9.037,8.126,6.208,5.97,4.407,3.82,3.532,3.96,2.635,3.399,3.61,3.293,4.264,4.428,4.913,3.906,3.281,2.745,3.166,3.451,2.909,2.821,2.697,1.793,1.1,0.954,0.365,0.308,0.323,0.316,0.101,0.077,0.039,0,0,0,0,0,0,40,70
8,0.008164,277.117,0,0,0,0,0,0,0,0,0,0,0,0,0,0,0,0,0,0,0.033,1.789,5.391,7.704,9.528,11.219,10.835,10.728,11.323,11.199,10.58,9.442,10.313,8.831,8.434,7.358,7.058,6.879,5.635,5.798,5.089,4.129,3.596,3.764,4.402,3.917,4.484,5.392,5.968,5.724,5.648,5.513,5.368,5.86,5.786,5.967,6.556,5.229,4.614,4.208,3.922,3.098,2.291,2.232,1.804,1.215,0.603,0.415,0.115,0.09,0,0,0.034,0.005,0,70,70
9,0.002969,418.279,0,0,0,0,0,0,0,0,0,0,0,0,0,0,0,0,0,0,0,2.245,8.421,14.314,18.786,21.877,23.751,21.494,23.63,22.88,23.524,22.079,21.683,21.172,19.346,16.721,14.285,12.381,10.383,8.916,7.013,5.435,4.947,4.821,4.561,4.655,4.037,4.232,4.286,5.967,4.717,4.907,4.314,4.109,4.296,4.377,3.566,3.62,2.552,1.407,1.103,0.568,0.1,0.324,0.3,0.087,0.051,0.038,0,0,0,0,0,0,0,70,90
10,0.005756,227.668,0,0,0,0,0,0,0,0,0,0,0,0,0,0,0,0,0,0,0,1.5903,4.0504,6.8873,7.9212,9.5114,9.1386,6.8745,7.4162,7.2351,7.3857,7.2609,6.6835,7.8638,6.3514,6.0966,4.8843,4.1088,4.9643,4.1114,3.0519,3.6555,3.087,2.8347,2.8076,3.3761,3.8504,4.4157,4.5912,4.9865,6.1363,5.8921,6.7198,7.0388,6.9043,6.688,7.0178,7.1984,4.8369,4.611,2.4504,2.159,0.9205,0.8174,0.5759,0.3929,0.2389,0.0379,0.0333,0.0059,0,0,0,0,0,90,40
11,0.003893,328.749,0,0,0,0,0,0,0,0,0,0,0,0,0,0,0,0,0,0,0,1.798,6.656,9.496,14.81,16.528,15.418,16.922,16.201,16.066,17.29,17.241,17.156,18.246,14.91,13.665,13.156,11.825,10.127,6.954,6.143,5.039,4.349,3.642,3.595,3.777,3.387,3.012,2.925,3.841,2.924,2.86,2.871,2.474,2.597,3.125,2.992,3.03,2.544,2.363,1.436,1.391,1.236,1.198,0.727,0.341,0.274,0.114,0,0.078,0,0,0,0,0,40,80
12,0.006454,226.779,0,0,0,0,0,0,0,0,0,0,0,0,0,0,0,0,0,0,0,1.539,4.398,7.124,9.052,9.763,10.846,10.445,8.598,9.787,9.075,8.599,7.825,9.153,7.416,7.221,5.954,6.328,5.336,4.664,3.192,3.007,2.911,2.396,2.934,2.786,2.498,2.981,3.262,4.026,3.653,4.194,4.195,3.659,3.94,3.777,3.472,4.868,4.89,3.704,3.424,2.567,2.498,1.958,1.203,0.689,0.543,0.284,0.026,0.039,0.039,0.039,0,0,0,80,40
13,0.004491,258.185,0,0,0,0,0,0,0,0,0,0,0,0,0,0,0,0,0,0,0.205,2.882,9.336,14.379,16.615,18.594,18.728,15.74,14.016,12.002,10.367,9.486,7.991,7.073,6.515,5.722,4.818,4.079,3.808,3.287,3.107,3.071,2.925,2.201,2.048,2.649,2.361,3.028,3.203,4.236,3.336,4.063,3.938,3.682,3.806,3.641,3.475,3.187,3.723,2.843,2.191,1.415,1.687,0.929,0.696,0.659,0.288,0.092,0.024,0.018,0.021,0,0,0,0,40,90
14,0.002535,316.486,0,0,0,0,0,0,0,0,0,0,0,0,0,0,0,0,0,0,0.073,5.455,18.778,26.754,34.244,38.2,31.522,27.177,21.585,17.09,14.942,11.048,8.826,5.588,4.668,3.74,2.919,2.754,2.13,1.587,1.618,1.427,1.192,1.434,1.442,1.165,1.335,1.805,1.72,1.486,1.656,2.088,1.658,2.268,1.806,1.868,2.004,2.082,1.299,1.319,1.114,1.063,0.922,0.382,0.512,0.293,0.22,0.167,0.024,0.039,0,0,0,0,0,90,130
15,0.005709,241.02,0,0,0,0,0,0,0,0,0,0,0,0,0,0,0,0,0,0,0.041,1.954,6.766,10.179,12.586,14.199,14.19,12.425,11.113,10.106,8.806,8.527,7.858,7.511,5.313,4.592,3.803,3.078,3.478,3.038,3.035,3.21,2.659,2.139,2.571,2.943,3.13,3.935,3.841,4.305,4.048,4.59,5.222,5.701,4.998,6.516,5.426,5.236,4.602,3.779,2.764,2.398,1.633,1.086,0.547,0.531,0.377,0.077,0.033,0.123,0,0,0,0,0,130,50
16,0.004544,240.267,0,0,0,0,0,0,0,0,0,0,0,0,0,0,0,0,0,0,0.032,1.999,6.723,11.468,13.68,15.455,14.365,13.976,12.406,11.337,10.151,9.067,8.512,8.361,5.915,5.889,3.853,3.941,2.976,3.484,2.866,2.445,1.858,2.159,1.95,2.349,2.767,3.327,3.136,3.676,3.38,4.778,4.472,4.7,4.408,4.308,4.344,4.648,4.382,3.708,2.193,1.249,1.335,1.01,0.643,0.397,0.111,0.075,0,0,0,0,0,0,0,50,50
17,0.004491,311.995,0,0,0,0,0,0,0,0,0,0,0,0,0,0,0,0,0,0,0.106,2.918,9.366,14.408,20.846,22.183,21.902,20.907,18.386,15.863,14.519,13.363,12.114,9.015,7.915,7.48,5.661,4.884,5.139,3.337,3.275,2.775,2.581,2.832,2.751,3.355,3.542,4.11,3.866,4.296,5.069,4.283,4.443,4.413,4.902,4.046,3.631,2.998,3.656,3.019,2.568,1.568,1.388,1.042,0.693,0.231,0.124,0.166,0.063,0,0,0,0,0,0,50,70
18,0.007684,247.34,0,0,0,0,0,0,0,0,0,0,0,0,0,0,0,0,0,0,0,2.41,7.761,11.752,15.303,17.021,15.321,11.879,10.908,9.874,7.832,7.23,7.159,5.341,5.104,4.436,3.393,2.876,2.679,2.903,2.134,2.153,2.096,2.117,2.094,3.639,3.461,4.137,4.332,4.075,4.275,5.448,5.004,4.809,4.94,4.827,4.997,5.268,4.612,4.977,4.297,3.837,2.858,2.422,1.428,1.036,0.537,0.246,0.096,0.006,0,0,0,0,0,70,40
19,0.007049,202.5,0,0,0,0,0,0,0,0,0,0,0,0,0,0,0,0,0,0,0.032,1.919,5.596,9.419,10.517,11.017,10.031,9.92,8.54,6.863,6.932,6.124,5.221,4.57,4.452,3.529,3.504,2.999,2.978,2.282,2.262,2.168,2.126,1.353,2.052,2.747,2.905,3.418,3.853,3.385,3.752,3.929,4.311,4.533,4.131,4.021,5.346,5.377,4.638,4.759,3.601,3.428,3.128,1.739,1.434,0.756,0.518,0.257,0.126,0,0,0,0,0,0,40,40
20,0.012028,219.806,0,0,0,0,0,0,0,0,0,0,0,0,0,0,0,0,0,0,0.033,1.168,3.414,5.229,8.054,7.124,7.49,5.851,5.573,4.956,4.145,4.402,3.872,3.305,3.659,2.663,2.06,2.817,2.316,2.072,2.193,2.138,2.077,1.959,2.326,2.644,3.303,3.518,5.243,4.837,6.295,6.984,6.568,8.405,8.299,9.912,10.292,10.146,10.344,9.186,6.116,5.216,4.016,2.993,1.455,1.528,0.831,0.523,0.256,0,0,0,0,0,0,40,40
21,0.004703,311.369,0,0,0,0,0,0,0,0,0,0,0,0,0,0,0,0,0,0,0.074,3.023,10.085,15.964,21.234,22.898,22.3,19.752,17.543,16.089,14.338,11.656,10.809,8.95,8.262,6.575,6.59,4.588,5.014,3.816,3.357,2.734,2.609,2.208,2.519,2.531,2.964,3.044,2.844,3.797,4.604,4.465,4.711,4.52,4.467,5.107,4.994,5.075,4.378,3.463,2.524,1.874,1.283,0.811,0.417,0.234,0.082,0.091,0.096,0.006,0,0,0,0,0,40,140
22,0.003181,352.682,0,0,0,0,0,0,0,0,0,0,0,0,0,0,0,0,0,0,0.179,3.932,11.556,19.669,26.13,26.837,26.163,22.452,21.749,20.7,17.95,15.063,14.036,12.666,8.923,9.329,7.434,5.778,4.982,4.123,3.523,2.938,2.899,2.567,3.009,3.653,3.214,3.526,3.726,4.458,4.208,3.686,4.303,4.239,3.351,4.004,3.312,3.578,2.839,1.747,1.516,0.799,0.764,0.502,0.573,0.059,0.002,0.038,0,0,0,0,0,0,0,140,60
23,0.004508,320.565,0,0,0,0,0,0,0,0,0,0,0,0,0,0,0,0,0,0,0.065,2.885,9.3,15.351,20.825,24.873,22.247,21.672,17.326,15.815,16.749,13.842,11.401,10.657,8.725,6.374,5.667,4.836,3.837,3.452,3.417,2.354,2.259,2.903,3.253,3.152,2.901,3.804,4.156,4.264,4.738,3.906,4.249,4.957,5.084,5.385,4.804,5.208,4.531,2.628,2.22,1.496,1.162,0.726,0.674,0.297,0.1,0.038,0,0,0,0,0,0,0,60,60
24,0.004201,310.852,0,0,0,0,0,0,0,0,0,0,0,0,0,0,0,0,0,0,0.229,2.708,9.115,15.928,20.173,21.628,22.636,18.982,18.244,16.371,15.044,13.347,12.217,10.018,7.62,7.85,5.564,4.766,3.96,4.001,4.154,3.03,2.445,2.597,2.784,3.139,3.173,4.256,3.978,3.888,3.922,4.262,4.492,3.714,5.009,4.891,3.721,4.351,3.139,2.972,2.137,1.709,1.09,0.634,0.495,0.155,0.118,0.054,0.096,0.024,0.021,0,0,0,0,60,50
25,0.005862,223.845,0,0,0,0,0,0,0,0,0,0,0,0,0,0,0,0,0,0,0.074,1.707,6.091,9.912,12.278,13.208,12.327,10.862,10.953,9.933,10.046,7.669,6.784,7.316,5.869,4.096,4.097,3.048,3.782,2.475,1.987,1.891,1.779,2.182,1.991,1.923,2.012,2.885,3.249,4.112,3.685,3.413,4.617,4.238,4.757,4.89,5.296,4.659,5.147,5.113,3.203,2.915,2.603,1.528,0.575,0.391,0.236,0.002,0,0.039,0,0,0,0,0,50,40
26,0.005482,177.314,0,0,0,0,0,0,0,0,0,0,0,0,0,0,0,0,0,0,0.041,1.749,3.439,7.801,8.516,8.704,10.157,7.483,7.753,8.035,7.704,5.866,5.026,4.094,3.712,3.586,3.109,2.434,1.866,2.154,1.731,1.65,1.654,1.682,1.519,2.007,1.811,2.548,2.942,3.942,3.643,3.865,4.186,4.255,3.897,3.865,4.338,4.9,4.586,4.147,3.256,2.621,2.052,1.164,0.764,0.764,0.178,0.078,0,0.039,0,0,0,0,0,40,30
27,0.008252,187.719,0,0,0,0,0,0,0,0,0,0,0,0,0,0,0,0,0,0,0.0326,1.2636,4.0758,7.3076,8.3118,9.3591,9.1833,7.7627,7.1995,5.6204,4.7198,4.2871,4.4906,3.8505,3.2514,2.889,2.7477,1.9207,1.959,1.5402,1.8113,2.2486,1.6895,1.9602,2.0618,2.0785,2.64,2.3115,3.4914,3.6879,3.9305,4.1657,4.845,4.8788,5.0524,5.9394,6.4732,6.9025,6.1221,5.8346,4.8835,4.0009,3.0093,3.0398,1.6143,0.6454,0.2759,0.1871,0.1473,0.0176,0,0,0,0,0,30,30
28,0.004148,166.029,0,0,0,0,0,0,0,0,0,0,0,0,0,0,0,0,0,0,0,1.1269,4.3378,7.1262,9.0754,9.2066,9.1358,7.8141,6.3909,6.6961,5.0686,5.0356,4.6445,3.9282,3.256,3.2121,3.2538,2.2885,2.133,2.1638,2.007,1.8992,1.5038,1.6099,2.1355,1.6489,2.7107,2.4574,3.1106,3.7746,3.8407,4.1302,3.8496,3.6916,3.9668,3.6641,4.4977,5.0281,4.3077,3.5214,2.6756,1.6625,1.0191,0.6582,0.4505,0.2837,0.0299,0,0,0,0,0,0,0,0,30,40
29,0.007067,177.978,0,0,0,0,0,0,0,0,0,0,0,0,0,0,0,0,0,0,0.0327,1.276,3.4965,7.026,7.6884,9.1503,6.8821,7.1147,6.6623,6.2057,4.4268,4.104,3.7846,3.9515,4.073,2.3572,2.9339,2.3659,1.9779,1.967,1.4598,1.7555,1.9265,1.4676,1.6165,2.2881,2.8031,3.0184,3.1429,4.5615,3.9728,4.7649,3.6879,5.6114,5.6044,6.2651,5.7569,6.658,5.86,4.4799,3.2842,3.5118,2.5031,2.0324,1.1092,0.8249,0.227,0.2668,0.0353,0.0059,0,0,0,0,0,40,40
30,0.009342,213.616,0,0,0,0,0,0,0,0,0,0,0,0,0,0,0,0,0,0,0.033,1.393,4.028,5.856,8.573,8.749,10.083,7.59,7.508,6.762,5.291,4.437,5.219,3.666,3.205,3.053,2.799,1.821,3.155,1.933,2.121,1.505,1.721,2.018,2.577,2.966,2.909,3.685,4.735,4.881,5.121,5.166,6.227,6.402,7.178,7.396,7.544,8.894,8.602,8.671,5.435,4.761,3.407,1.793,1.562,0.57,0.382,0.152,0.074,0.006,0,0,0,0,0,40,30
31,0.006407,147.242,0,0,0,0,0,0,0,0,0,0,0,0,0,0,0,0,0,0,0.033,1.1047,3.4465,5.3112,6.1347,6.5449,6.1394,5.4804,5.3913,4.0579,4.2869,3.3516,3.2777,3.3046,2.627,1.8317,1.334,1.5649,1.7728,1.9263,1.9156,1.5439,1.09,1.4877,1.5894,1.7414,1.6511,2.3125,2.5543,2.5879,3.039,3.347,3.6786,4.1722,4.6254,4.4212,5.25,6.0535,5.6977,5.7112,4.1961,3.8309,2.8241,1.3899,1.074,0.4624,0.0357,0.0382,0,0,0,0,0,0,0,30,30
32,0.006305,125.396,0,0,0,0,0,0,0,0,0,0,0,0,0,0,0,0,0,0,0,1.2226,2.6494,4.0774,5.0964,6.189,4.1931,3.894,4.1238,4.0421,2.6602,2.9372,2.0092,2.2166,1.9327,1.9488,1.3267,0.9826,1.0192,0.9379,1.344,1.2229,0.8773,1.0505,1.159,1.4801,1.6135,1.7667,2.3615,2.6026,2.8457,3.3085,2.9175,4.7465,3.7264,3.9167,4.8531,5.4195,4.7662,5.6085,4.5791,3.8932,2.5487,1.618,1.1348,0.2886,0.1704,0.0305,0.0481,0.0178,0.0212,0,0,0,0,30,30
33,0.01056,208.766,0,0,0,0,0,0,0,0,0,0,0,0,0,0,0,0,0,0,0.0739,1.2521,4.1511,7.6288,8.2059,9.3796,8.1141,8.2811,6.1716,6.9481,5.5306,5.1874,4.2369,4.3165,3.612,2.5848,3.0831,2.649,2.1085,1.6127,1.7754,1.6558,1.6118,1.6065,2.0658,2.8573,2.8189,2.2432,2.9023,3.6249,3.8805,3.8655,4.7705,5.0044,6.4618,6.9154,8.1747,8.6922,9.2917,9.1327,7.6307,6.0565,4.034,3.4248,1.998,0.8955,0.2093,0.0378,0,0,0,0,0,0,0,30,30
34,0.00518,296.617,0,0,0,0,0,0,0,0,0,0,0,0,0,0,0,0,0,0,0.041,2.911,8.733,13.686,17.666,19.872,18.987,16.766,15.023,13.958,11.572,10.98,8.076,7.658,6.636,5.284,4.721,4.588,3.307,3.415,2.572,2.925,3.088,3.044,3.65,4.471,4.838,5.224,4.591,6.454,6,6.088,6.431,6.036,7.292,5.62,4.654,4.493,3.689,3.129,2.287,2.382,1.421,1.36,0.572,0.28,0.07,0.053,0.024,0,0,0,0,0,0,30,70
35,0.007182,288.302,0,0,0,0,0,0,0,0,0,0,0,0,0,0,0,0,0,0,0.106,2.137,6.876,11.816,14.111,15.579,15.944,14.43,13.404,11.581,11.302,9.557,8.69,6.386,6.065,5.732,4.536,4.077,3.483,3.408,3.179,2.782,2.346,2.774,3.062,3.624,4.817,4.325,4.578,5.26,6.924,6.325,7.118,8.073,6.301,7.352,8.13,8.025,6.991,5.46,3.515,3.811,2.084,1.191,0.55,0.234,0.138,0,0.039,0,0.039,0.019,0.019,0,0,70,40
36,0.0089,218.211,0,0,0,0,0,0,0,0,0,0,0,0,0,0,0,0,0,0,0.033,1.382,5.025,8.722,8.608,10.911,9.645,9.759,7.375,6.92,5.77,5.232,5.347,4.353,3.603,3.362,2.993,2.542,2.327,2.341,1.794,1.766,1.71,2.382,2.137,2.688,2.636,3.06,3.197,4.306,5.412,4.529,4.239,5.181,5.983,6.815,8.245,8.166,10.245,8.756,7.151,5.235,3.352,1.48,1.042,0.345,0.071,0.038,0,0,0,0,0,0,0,40,40
37,0.007458,292.438,0,0,0,0,0,0,0,0,0,0,0,0,0,0,0,0,0,0,0.148,2.78,7.483,9.79,14.688,15.701,15.168,13.738,12.383,10.577,11.202,8.804,7.391,7.23,5.868,5.7,5.015,4.133,4.028,3.609,3.722,3.399,3.036,3.21,3.767,4.223,4.584,4.64,5.281,6.155,5.555,6.511,6.935,7.804,7.503,8.004,8.701,7.483,7.206,6.49,4.573,3.908,2.351,1.053,0.598,0.194,0.118,0,0,0,0,0,0,0,0,40,70
38,0.004365,266.401,0,0,0,0,0,0,0,0,0,0,0,0,0,0,0,0,0,0,0.098,2.978,7.695,13.176,16.381,17.393,17.701,14.837,13.94,12.148,11.447,9.613,9.641,7.21,5.301,6.201,5.325,4.858,3.295,3.993,3.813,2.95,2.64,2.701,2.898,3.098,4.059,4.221,4.141,4.209,4.186,4.225,4.424,4.341,4.366,3.929,4.257,4.109,3.763,3.178,2.723,1.883,1.308,1.005,0.41,0.264,0.03,0.039,0,0,0,0,0,0,0,70,50
39,0.007475,179.877,0,0,0,0,0,0,0,0,0,0,0,0,0,0,0,0,0,0,0.0327,1.7276,4.6925,6.2363,8.1239,8.2885,7.3375,7.127,5.8981,5.8702,4.7838,4.3172,4.0326,3.1802,2.7041,2.904,2.3712,2.0119,2.0848,2.2426,1.6842,1.583,1.4027,1.7938,2.4156,2.1316,2.1947,2.8875,3.1106,4.1591,3.5357,4.2469,4.3535,4.245,4.7167,5.8074,6.101,7.2938,6.955,6.8557,6.2479,4.4732,2.8186,1.5538,0.871,0.2146,0.1418,0.0378,0.0783,0,0,0,0,0,0,50,30
40,0.005208,154.732,0,0,0,0,0,0,0,0,0,0,0,0,0,0,0,0,0,0,0.0328,1.1562,3.3129,4.846,6.4797,8.5961,6.6712,6.0222,4.8134,4.2145,3.8041,3.2277,3.1475,3.3514,2.6058,2.2839,2.0274,2.0796,1.993,2.0936,1.9513,1.8087,1.9043,2.3256,2.0412,2.2029,2.6107,2.6164,3.0186,4.5737,3.834,4.1723,4.3388,3.8978,5.3662,4.7593,6.071,5.345,4.7652,5.1029,3.4726,2.3562,1.4837,1.3296,0.4495,0.1357,0.0397,0,0,0,0,0,0,0,0,30,40
41,0.006888,260.418,0,0,0,0,0,0,0,0,0,0,0,0,0,0,0,0,0,0,0.074,1.743,6.217,10.992,13.665,14.835,14.795,13.907,10.794,11.247,10.401,9.179,8.078,7.133,6.581,4.892,5.136,3.058,3.739,2.759,2.458,2.621,3.001,2.418,2.494,2.905,3.248,3.8,3.396,4.356,3.82,4.387,5.556,5.241,5.913,5.818,5.817,6.951,7.501,6.058,4.597,3.352,3.034,1.632,0.602,0.168,0.049,0,0,0,0,0,0,0,0,40,30
42,0.016187,205.647,0,0,0,0,0,0,0,0,0,0,0,0,0,0,0,0,0,0,0.033,1.16,2.598,3.756,5.256,4.931,4.92,3.829,3.941,3.425,3.292,2.964,3.231,3.031,2.347,1.937,1.931,2.131,1.697,1.838,1.57,1.59,1.682,1.825,1.682,1.833,1.945,2.566,2.996,2.991,3.21,3.865,5.271,4.978,6.828,8.35,8.898,11.623,15.208,16.402,14.096,12.35,7.938,4.357,2.302,0.627,0.175,0.134,0.059,0.006,0,0,0.039,0,0,30,30
43,0.012832,165.675,0,0,0,0,0,0,0,0,0,0,0,0,0,0,0,0,0,0,0,0.809,2.269,4.07,4.748,4.011,3.282,3.162,2.592,2.049,2.207,1.318,1.33,1.464,1.448,0.893,1.023,1.021,1.263,0.862,1.192,1.045,1.212,1.172,1.15,1.31,1.89,2.415,2.91,3.055,3.321,3.635,4.224,4.988,6.527,8.152,9.886,11.053,12.465,13.258,10.868,8.934,5.555,3.569,1.41,0.386,0.155,0.054,0.024,0,0.013,0.026,0,0,0,30,30
44,0.011895,143.848,0,0,0,0,0,0,0,0,0,0,0,0,0,0,0,0,0,0,0.066,0.7,2.239,3.064,4.125,3.286,2.541,2.613,2.026,1.448,1.102,1.024,1.311,1.148,0.68,0.737,0.666,0.542,0.389,0.699,0.583,0.693,0.727,1.14,0.882,1.189,1.291,1.445,1.856,3.154,3.082,2.792,3.444,4.828,5.781,7.219,9.144,10.628,12.017,12.785,11.024,7.589,5.292,2.97,1.11,0.338,0.363,0.076,0,0,0,0,0,0,0,30,30
45,0.015811,185.083,0,0,0,0,0,0,0,0,0,0,0,0,0,0,0,0,0,0,0.033,0.493,2.001,3.639,3.967,4.272,3.728,2.792,2.35,2.593,2.208,1.14,1.184,1.512,1.459,1.329,1.455,1.51,1.057,1.751,1.462,1.238,1.306,1.595,1.734,1.816,1.661,2.728,2.727,3.201,3.912,4.654,4.513,5.782,6.942,7.572,9.754,11.921,14.211,15.413,12.583,11.5,7.268,5.612,2.376,0.828,0.216,0.041,0.036,0.006,0,0,0,0,0,30,30
46,0.011646,189.606,0,0,0,0,0,0,0,0,0,0,0,0,0,0,0,0,0,0,0.042,0.847,2.972,3.725,5.159,4.164,3.521,3.206,2.369,3.001,2.416,2.384,1.75,2.107,1.803,2.158,1.948,1.457,1.926,2.191,2.114,1.849,1.617,1.914,2.522,2.807,3.463,3.395,4.227,4.717,6.114,5.871,6.763,7.714,8.318,9.549,9.662,11.746,11.121,10.333,8.272,6.412,4.76,3.101,1.404,0.437,0.104,0.078,0,0.036,0.043,0,0,0,0,30,40
47,0.013179,222.107,0,0,0,0,0,0,0,0,0,0,0,0,0,0,0,0,0,0,0,1.115,2.032,3.215,3.579,3.321,2.472,2.07,2.214,1.691,1.999,1.651,1.144,1.72,1.748,1.625,1.396,1.759,1.824,1.825,2.341,2.225,2.072,2.31,3.016,3.373,3.24,3.935,4.916,6.379,7.077,8.21,8.97,11.331,13.929,15.574,16.514,18.049,17.694,12.08,8.05,5.416,3.599,2.193,0.974,0.16,0,0.055,0.024,0,0,0,0,0,0,40,40
48,0.007929,173.914,0,0,0,0,0,0,0,0,0,0,0,0,0,0,0,0,0,0,0.083,0.733,2.278,3.368,4.267,4.253,3.604,3.446,2.961,2.999,2.583,2.794,2.236,2.231,1.916,2.189,2.082,1.627,1.98,2.159,2.29,2.547,2.236,1.866,2.335,2.732,3.327,3.27,4.067,5.042,6.333,6.324,6.776,7.082,7.759,8.935,10.834,10.63,10.048,7.602,5.118,3.574,2.109,0.928,0.261,0.061,0.001,0,0.04,0,0,0,0,0,0,40,40
49,0.013633,200.938,0,0,0,0,0,0,0,0,0,0,0,0,0,0,0,0,0,0,0.067,0.658,1.843,1.98,2.798,2.843,2.733,2.379,1.649,1.379,1.361,1.25,0.765,0.912,0.938,1.479,1.36,0.869,1.262,1.13,1.475,1.399,1.487,1.674,2.085,2.886,3.289,2.637,3.377,5.29,5.395,6.107,8.456,10.323,11.315,12.678,16.902,17.588,16.701,15.519,11.35,7.177,3.746,1.581,0.524,0.211,0.034,0.079,0,0,0,0,0,0,0,40,40
50,0.017222,216.432,0,0,0,0,0,0,0,0,0,0,0,0,0,0,0,0,0,0,0,0.564,1.67,2.396,2.059,2.411,2.427,1.385,1.272,0.889,1.028,1.108,0.911,0.77,1.185,1.162,0.757,0.505,1.329,1.529,1.48,1.548,1.081,1.428,2.08,1.61,1.732,2.591,4.154,4.089,5.67,5.794,6.328,9.021,11.096,12.474,15.686,21.269,23.809,22.827,17.644,10.986,4.754,1.374,0.339,0.046,0.046,0.078,0.04,0,0,0,0,0,0,40,30
51,0.012308,177.086,0,0,0,0,0,0,0,0,0,0,0,0,0,0,0,0,0,0,0.033,0.825,2.202,3.914,4.176,3.745,3.91,3.233,3.399,2.283,2.164,1.563,1.706,1.711,1.656,1.263,1.279,1.018,0.709,1.398,1.676,1.382,1.548,1.619,1.53,2.016,2.166,2.909,3.49,3.822,3.473,4.663,4.796,6.799,7.31,8.51,10.002,11.785,13.604,12.569,11.876,9.255,4.798,2.202,0.68,0.269,0.072,0.038,0.04,0,0,0,0,0,0,30,30
52,0.01327,243.44,0,0,0,0,0,0,0,0,0,0,0,0,0,0,0,0,0,0,0,1.161,3.71,5.1,5.912,6.469,5.092,4.722,4.622,3.68,4.283,3.514,3.316,3.161,2.688,2.245,2.651,2.374,2.328,2.283,2.276,2.231,2.549,2.5,3.283,3.4,4.298,4.588,5.683,6.633,7.086,7.75,8.939,9.812,10.158,12.727,12.303,14.824,14.175,13.289,9.683,7.634,4.243,1.939,1.588,0.326,0.09,0.017,0.058,0.045,0,0,0,0,0,30,40
53,0.009231,314.601,0,0,0,0,0,0,0,0,0,0,0,0,0,0,0,0,0,0,0.149,1.734,5.831,8.349,8.319,10.075,10.603,8.404,9.397,7.171,7.687,6.44,6.572,6.197,6.249,5.923,4.755,4.275,4.808,5.576,5.621,5.14,4.782,4.876,5.649,6.285,6.928,8.068,9.083,11.216,11.809,10.058,10.533,10.958,11.95,11.484,11.595,10.127,9.139,7.306,5.509,3.976,2.462,0.725,0.648,0.118,0,0,0.04,0,0,0,0,0,0,40,60
54,0.00788,219.516,0,0,0,0,0,0,0,0,0,0,0,0,0,0,0,0,0,0,0.042,1.121,3.823,6.057,6.528,7.015,6.369,6.562,5.323,5.858,5.716,4.133,4.289,3.713,3.047,3.597,3.033,3.241,2.675,2.193,2.61,2.727,2.924,3.035,2.226,3.509,4.497,4.414,5.152,6.244,6.705,6.706,7.476,7.985,9.896,10.498,8.957,9.865,9.916,8.588,5.286,3.527,1.901,0.377,0.12,0,0,0.04,0,0,0,0,0,0,0,60,40
55,0.015821,214.398,0,0,0,0,0,0,0,0,0,0,0,0,0,0,0,0,0,0,0,0.655,1.318,2.2,2.439,1.921,1.409,1.655,1.397,1.412,1.407,1.365,1.232,0.889,0.916,0.696,0.956,0.996,1.113,1.392,1.343,1.217,0.95,1.334,1.255,2.292,2.535,2.956,3.707,4.982,5.168,5.477,7.571,9.91,12.326,16.393,18.267,21.714,21.39,20.345,14.367,8.973,2.988,1.006,0.124,0.061,0.142,0.127,0.074,0.018,0.022,0,0,0,0,40,30
0,0,0,0.104,0.111,0.12,0.129,0.138,0.149,0.16,0.172,0.184,0.198,0.213,0.229,0.246,0.264,0.284,0.305,0.328,0.352,0.379,0.407,0.437,0.47,0.505,0.543,0.583,0.627,0.674,0.724,0.778,0.836,0.898,0.965,1.037,1.115,1.198,1.287,1.383,1.486,1.597,1.717,1.845,1.982,2.13,2.289,2.46,2.643,2.841,3.053,3.28,3.525,3.788,4.071,4.374,4.701,5.051,5.428,5.833,6.268,6.736,7.239,7.779,8.359,8.983,9.653,10.373,11.147,11.979,12.872,13.833,14.865,15.974,17.165,18.446,0,0