Tiempo (min),LWC (g/m3),Cn(P/cm3),0.104,0.111,0.12,0.129,0.138,0.149,0.16,0.172,0.184,0.198,0.213,0.229,0.246,0.264,0.284,0.305,0.328,0.352,0.379,0.407,0.437,0.47,0.505,0.543,0.583,0.627,0.674,0.724,0.778,0.836,0.898,0.965,1.037,1.115,1.198,1.287,1.383,1.486,1.597,1.717,1.845,1.982,2.13,2.289,2.46,2.643,2.841,3.053,3.28,3.525,3.788,4.071,4.374,4.701,5.051,5.428,5.833,6.268,6.736,7.239,7.779,8.359,8.983,9.653,10.373,11.147,11.979,12.872,13.833,14.865,15.974,17.165,18.446,Visibilidad (m),Visibilidad corregida (m)
1,0.005394,167.929,0,0,0,0,0,0,0,0,0,0,0,0,0,0,0,0,0,0,0,0.5983,1.6388,2.146,3.4138,3.0874,2.9955,4.4854,4.2142,4.3806,4.6175,4.4738,4.7072,4.8584,5.567,5.9726,5.2375,5.2834,5.5153,5.0197,4.0199,3.9097,3.1064,2.9132,2.7969,3.0267,3.4394,3.8467,3.4393,3.1136,4.2133,4.5413,4.2078,4.1729,4.6961,5.5632,5.1223,4.6032,4.1665,4.551,3.6115,2.7484,1.7192,1.1036,0.6271,0.2378,0.1006,0.0155,0.0244,0.0794,0,0,0,0,0,57,72
2,0.003363,121.17,0,0,0,0,0,0,0,0,0,0,0,0,0,0,0,0,0,0,0,0.3894,1.4633,2.3432,2.431,2.9182,3.618,3.4757,2.642,3.3307,3.3872,3.1438,3.5371,3.227,3.5734,4.3305,3.4453,3.5402,2.5549,3.529,2.8598,2.9898,2.2298,1.7547,2.3542,3.2313,2.6433,3.1585,2.5998,3.2699,3.0906,2.9608,3.1544,3.0993,3.3816,3.8297,3.4833,3.1803,3.2786,2.3786,1.9079,1.1395,1.1182,0.3958,0.4024,0.1793,0.1413,0.0383,0.0336,0.0059,0,0,0,0,0,67,74
3,0.002257,186.246,0,0,0,0,0,0,0,0,0,0,0,0,0,0,0,0,0,0,0.066,1.4722,3.103,4.8591,5.6949,6.4534,6.9299,7.1195,7.3937,7.4689,7.6355,6.8119,8.1504,8.2989,8.5864,7.6319,7.3657,6.3782,6.5813,5.3769,4.6296,4.1931,3.92,3.4976,2.7793,3.0536,2.9907,3.5621,3.226,3.3027,3.0767,3.2529,3.1758,2.759,2.9936,2.2828,2.1332,2.1825,1.961,1.151,0.9063,0.9672,0.2727,0.1311,0.1514,0.0385,0.1225,0.0918,0.0578,0.0059,0,0,0,0,0,72,80
4,0.003514,127.193,0,0,0,0,0,0,0,0,0,0,0,0,0,0,0,0,0,0,0.0336,0.5818,1.3478,1.6692,1.8721,3.1093,3.0873,3.3286,2.9595,3.0731,2.7951,3.028,3.2126,3.4318,3.6623,3.3813,3.7883,3.7034,2.9384,2.9686,3.3049,3.0554,2.3149,2.2206,2.6856,2.7722,3.0368,3.1999,3.203,3.9788,4.2624,3.9736,3.857,4.351,5.0227,4.3886,3.6843,2.6976,3.4648,2.708,2.1071,1.1364,0.7228,0.484,0.1633,0.3246,0.0611,0,0,0,0.04,0,0,0,0,74,74
5,0.004453,202.042,0,0,0,0,0,0,0,0,0,0,0,0,0,0,0,0,0,0,0.077,0.6754,2.4099,3.5197,4.4623,4.7235,5.177,5.1067,5.0281,5.4285,6.7215,6.323,6.3059,7.0379,7.5978,7.434,7.287,6.8427,7.349,6.7091,5.6006,5.0543,3.6682,4.2373,4.0881,4.5874,4.704,4.7691,4.3166,5.661,4.6338,3.6428,3.8673,5.228,4.5619,4.5569,4.7652,5.3241,3.4141,3.4931,2.2053,1.1625,0.8993,0.4272,0.2824,0.1317,0.2209,0.2175,0.025,0.0185,0.022,0,0,0.0163,0.0234,80,69
6,0.004675,179.797,0,0,0,0,0,0,0,0,0,0,0,0,0,0,0,0,0,0,0.0687,1.1206,2.02,2.4125,3.2291,3.2437,4.1524,4.3741,4.242,4.1426,4.4667,4.4035,3.7435,5.0179,4.5913,5.7913,5.5039,5.0097,5.0032,4.8989,4.3319,3.6084,3.9046,4.0402,3.3192,4.5962,4.4549,4.6102,4.459,4.3018,5.734,6.1507,5.9622,6.1092,5.8782,5.6041,5.8236,5.5676,5.3162,3.39,2.089,1.3499,0.8584,0.4243,0.167,0.0511,0.052,0.016,0.0682,0.0601,0.0358,0.0272,0,0,0,74,68
7,0.002323,107.538,0,0,0,0,0,0,0,0,0,0,0,0,0,0,0,0,0,0,0,0.2718,1.4507,1.7962,2.6061,2.4871,3.5105,2.7425,2.9967,2.337,3.4478,3.3963,2.9765,3.2685,4.2854,3.8597,3.5552,3.2646,3.2896,3.1442,3.2383,2.4343,2.2519,1.8824,1.6921,2.2815,2.6753,2.6265,3.1219,2.5156,3.2553,3.5834,2.3394,2.63,2.6539,2.6325,2.3806,2.244,1.7832,1.4724,1.1537,0.5857,0.5463,0.3431,0.264,0.1008,0.083,0,0.0402,0,0.0132,0.0265,0,0,0,69,64
8,0.003813,51.318,0,0,0,0,0,0,0,0,0,0,0,0,0,0,0,0,0,0,0,0.1803,0.5828,1.0725,0.799,1.1229,1.6052,1.0849,1.2882,0.9713,0.8885,0.6425,1.2039,0.6903,1.1555,0.9099,1.0724,0.8949,0.6183,1.4057,0.9755,0.6234,0.5417,0.639,0.8064,0.8598,0.8299,0.7757,0.655,1.216,1.7238,1.6189,2.0212,1.2173,2.2518,1.886,1.5396,2.5496,2.1779,1.781,1.1464,0.8633,0.6728,0.8567,0.7289,0.9462,0.2216,0.5236,0.2158,0.0147,0.1523,0.0968,0,0,0,68,55
9,0.003291,105.34,0,0,0,0,0,0,0,0,0,0,0,0,0,0,0,0,0,0,0,0.3451,1.2855,1.3727,1.7458,2.1163,2.5201,1.901,2.4998,2.9072,2.4598,2.3111,2.7051,3.1743,2.467,3.2528,2.5397,2.8686,2.9143,2.8684,2.5645,2.2639,2.1209,2.1105,1.845,2.2217,2.8116,2.476,2.5178,3.4931,3.3889,3.5377,3.0957,3.6696,3.7881,3.902,3.5406,3.0588,2.7657,1.7013,1.0858,0.9756,0.847,0.3311,0.2548,0.219,0.0638,0.1076,0.2291,0.0359,0.0234,0.0195,0.0196,0,0,64,51
10,0.007733,46.716,0,0,0,0,0,0,0,0,0,0,0,0,0,0,0,0,0,0,0,0.1459,0.6593,0.878,0.8039,1.3569,1.1461,1.0429,0.917,0.5358,0.6803,0.6879,0.7798,0.9132,0.7436,1.1376,0.415,1.0049,0.6813,1.0659,0.7941,0.7903,0.7282,0.6283,0.7454,0.757,0.4358,0.5769,0.5818,0.6379,1.2048,0.9184,1.1707,1.0721,1.2646,1,0.975,1.4885,1.2569,1.7199,2.0396,1.3728,0.8482,1.1852,1.1945,0.977,1.0809,1.0928,0.7306,0.4681,0.7275,0.493,0.1234,0.0405,0,55,41
11,0.003793,24.818,0,0,0,0,0,0,0,0,0,0,0,0,0,0,0,0,0,0,0.0873,0.091,0.4325,0.3517,0.7359,0.3205,0.3027,0.2674,0.4632,0.2806,0.1115,0.0871,0.1423,0.1311,0.2625,0.0298,0.1739,0.0434,0.2606,0.2211,0.0644,0.1305,0.2251,0.0653,0.1851,0.2469,0.3139,0.615,0.4411,0.4497,0.1998,0.6954,0.6528,0.9067,1.1122,1.153,1.1177,1.3314,1.4973,1.2787,1.6839,1.1622,0.9542,0.654,0.6621,0.4812,0.2644,0.4532,0.4466,0.2498,0.1915,0.1365,0,0,0,51,33
12,0.005541,30.282,0,0,0,0,0,0,0,0,0,0,0,0,0,0,0,0,0,0,0,0.2564,0.5804,0.6069,0.6404,0.5881,0.513,0.6919,0.6093,0.4154,0.4038,0.2827,0.1911,0.4025,0.2011,0.2697,0.2498,0.1098,0.44,0.1483,0.3635,0.3047,0.0908,0.1538,0.161,0.2617,0.2931,0.245,0.2934,0.5414,0.662,0.6468,0.7011,1.1145,0.8812,0.994,1.3236,1.2241,1.555,1.5646,1.3527,1.2908,0.9969,1.1985,0.9084,0.9028,0.712,0.393,0.4586,0.336,0.245,0.2175,0.1327,0.1385,0.023,41,30
13,0.011641,48.368,0,0,0,0,0,0,0,0,0,0,0,0,0,0,0,0,0,0,0,0.4841,0.943,0.6673,0.9683,0.9093,0.81,0.9676,0.6269,0.5361,0.8552,0.5314,0.6429,0.8768,0.3487,0.5016,0.3825,0.5588,0.5181,0.315,0.4313,0.3341,0.34,0.24,0.5255,0.4425,0.3849,0.4916,0.5676,1.1095,0.9988,0.7818,1.1312,1.3405,1.6033,1.4345,1.8538,1.5066,2.1665,2.0585,2.0366,1.5706,1.1084,1.6965,1.5768,1.431,1.0167,1.3625,1.2508,0.857,0.7327,0.6673,0.5583,0.2703,0.0466,33,29
14,0.004024,59.617,0,0,0,0,0,0,0,0,0,0,0,0,0,0,0,0,0,0,0.0333,0.2715,0.6857,0.9748,0.9519,0.9165,0.8883,0.9632,0.561,0.6328,0.3801,0.5775,0.6853,0.666,0.8367,0.8439,0.7987,0.7358,0.6872,0.8011,0.8637,0.4671,0.6396,0.6157,1.0892,0.9885,1.4181,1.2924,1.3694,1.8114,2.5019,2.6345,2.821,2.7306,2.633,2.6255,3.5265,3.6929,3.4671,2.5577,1.964,1.0441,0.6611,0.5081,0.3249,0.3997,0.3651,0.1791,0.2912,0.0458,0.0396,0.1181,0.0341,0.005,0,30,27
15,0.001518,214.577,0,0,0,0,0,0,0,0,0,0,0,0,0,0,0,0,0,0,0.073,2.161,6.041,10.512,10.516,13.537,14.169,14.831,13.132,13.55,13.512,12.144,11.368,10.379,9.098,7.645,6.903,4.592,4.264,3.623,3.016,2.295,2.074,1.331,1.266,1.132,1.297,1.119,1.354,1.228,2.085,1.795,1.369,1.268,1.337,1.376,1.639,1.381,0.789,1.584,0.598,0.389,0.214,0.123,0.1,0.204,0.011,0.092,0.024,0,0.013,0.026,0,0,0,29,51
16,0.002862,261.003,0,0,0,0,0,0,0,0,0,0,0,0,0,0,0,0,0,0,0.033,1.439,4.491,6.106,6.084,8.37,9.769,8.477,8.167,8.12,8.033,8.442,8.8,9.293,10.09,10.614,9.897,9.452,9.028,8.522,7.4,6.564,5.378,5.357,5.404,6.736,6.209,5.439,6.131,6.997,6.875,7.03,6.278,5.256,5.026,4.148,3.838,2.495,2.222,1.28,0.881,0.285,0.222,0.066,0.1,0.04,0.12,0,0,0,0,0,0,0,0,27,80
17,0.000362,231.885,0,0,0,0,0,0,0,0,0,0,0,0,0,0,0,0,0,0,0.098,4.743,12.367,17.066,19.372,23.712,23.005,22.677,19.682,15.196,13.601,12.436,9.245,7.008,5.844,4.297,2.727,2.265,1.56,1.749,1.273,0.596,0.863,0.382,0.543,0.986,0.691,0.778,0.706,0.887,0.743,1.094,0.587,0.507,0.862,0.459,0.441,0.305,0.374,0.04,0.08,0,0,0.01,0.029,0,0,0,0,0,0,0,0,0,0,51,1337
18,0.000147,257.893,0,0,0,0,0,0,0,0,0,0,0,0,0,0,0,0,0,0,0.159,4.78,13.684,16.847,20.351,23.734,25.9,25.196,22.704,20.026,16.849,13.268,12.974,9.524,8.6,6.574,4.356,3.523,2.58,1.71,0.825,0.718,0.398,0.221,0.179,0.207,0.223,0.185,0.154,0.145,0.228,0.177,0.192,0.185,0.059,0.086,0.167,0.041,0.041,0.029,0.054,0,0,0.041,0,0,0,0,0,0,0,0,0,0,0,80,1961
19,0.016523,271.576,0,0,0,0,0,0,0,0,0,0,0,0,0,0,0,0,0,0,0.042,1.655,3.756,4.404,5.825,7.736,9.219,10.179,9.382,8.504,9.037,9.013,8.353,9.039,8.858,9.087,9.738,9.071,7.914,7.056,5.867,5.147,5.048,4.312,3.601,4.426,4.071,3.266,4.118,4.426,3.552,3.784,3.456,4.235,4.45,5.053,6.009,5.465,6.661,6.314,5.927,5.164,4.014,4.466,2.985,2.218,1.56,0.881,0.982,0.599,0.385,0.478,0.375,0.312,0.102,1337,1961
20,0.009542,88.055,0,0,0,0,0,0,0,0,0,0,0,0,0,0,0,0,0,0,0,0.4831,0.8702,1.1577,1.1492,1.5535,1.5714,1.4925,2.0262,1.3389,1.1212,1.351,1.4731,1.2237,1.5086,1.4728,1.3107,1.4198,1.1875,0.8775,0.9527,1.0852,1.1028,1.3167,1.1208,1.4456,1.1658,1.4431,2.0496,1.4581,1.558,1.7856,1.9453,2.898,3.3519,3.8688,3.8045,4.2468,4.2309,4.3239,3.9852,2.7714,2.4846,2.3172,1.9881,1.5399,0.8586,0.5363,0.6258,0.4642,0.3503,0.2097,0.0958,0.0855,0,1961,1961
21,0.004379,47.169,0,0,0,0,0,0,0,0,0,0,0,0,0,0,0,0,0,0,0,0.2642,0.7557,0.6381,0.9571,0.9494,0.9881,1.0922,0.9081,0.7243,0.443,0.5807,0.5431,0.5878,0.5791,0.6078,0.4792,0.1883,0.3236,0.4341,0.6958,0.3244,0.184,0.3249,0.3961,0.5089,0.5899,0.8311,1.0072,1.0222,1.0768,1.649,1.8464,2.0133,1.7849,1.7831,2.3883,2.7372,2.1924,2.6653,2.2603,2.0971,1.5591,0.8764,0.5841,0.5205,0.3716,0.2906,0.168,0.1562,0.1144,0.0661,0.0395,0,0,1961,1961
22,0.022051,84.129,0,0,0,0,0,0,0,0,0,0,0,0,0,0,0,0,0,0,0,0.27,0.8679,1.5812,1.5332,1.3005,1.5171,1.7901,1.2165,1.3682,1.0187,0.7979,0.8078,1.3523,0.9168,0.773,0.8562,0.84,1.295,1.0648,0.7016,0.674,0.6485,0.5166,0.741,0.8283,0.9355,0.964,1.0785,1.1757,1.2616,1.5998,2.0848,1.937,2.7707,2.732,3.519,3.5217,3.9517,2.8828,2.736,2.578,2.3716,2.7626,2.5795,2.0137,2.2949,2.0055,1.6725,2.3495,1.7766,1.8036,1.1067,0.3475,0.0394,1961,839
23,0.005918,42.663,0,0,0,0,0,0,0,0,0,0,0,0,0,0,0,0,0,0,0,0.3099,0.7832,0.7248,1.1613,0.7189,1.3075,1.1907,1.184,0.7168,0.7526,0.9165,0.595,0.7316,0.5647,0.653,0.8262,0.5598,0.4427,0.4589,0.3696,0.4028,0.472,0.4601,0.2761,0.4161,0.6174,0.9468,0.6198,1.1195,1.4861,1.185,1.0039,0.8098,1.3408,1.91,2.1798,1.8301,1.3364,1.1738,1.0662,0.8676,1.1938,0.572,0.5778,0.7787,0.6528,0.4305,0.3217,0.3256,0.6053,0.4145,0.2168,0.0617,0.0236,1961,110
24,0.271404,348.476,0,0,0,0,0,0,0,0,0,0,0,0,0,0,0,0,0,0,0,0.732,1.849,3.002,2.391,2.009,2.892,2.74,2.825,1.955,1.964,1.682,1.207,0.841,1.291,0.985,0.735,0.907,0.621,0.725,0.822,0.769,0.589,0.522,0.357,0.427,0.624,0.738,0.861,1.084,1.316,1.629,1.416,1.599,2.208,3.047,3.902,3.649,6.154,7.134,9.452,10.392,12.151,15.719,19.451,20.81,22.503,24.72,26.795,29.08,32.67,30.308,17.914,5.959,0.352,839,24
25,0.044711,146.55,0,0,0,0,0,0,0,0,0,0,0,0,0,0,0,0,0,0,0,0.4829,1.3487,1.8923,1.9462,2.4803,1.9493,2.9025,1.9754,1.6742,2.2055,1.5922,2.2552,2.123,2.16,1.916,2.2072,1.9863,2.4616,2.335,2.067,1.5352,1.5097,1.3501,1.6629,1.8152,1.8401,2.3335,2.7599,3.0099,2.5995,3.3117,4.0666,4.2561,4.1081,3.9908,4.2233,4.379,3.4253,3.6084,2.8486,2.6742,3.3859,4.0082,3.6503,4.4714,4.5109,4.2108,4.0976,4.3714,5.4392,4.216,2.1071,0.7426,0.0697,110,23
26,0.005368,66.13,0,0,0,0,0,0,0,0,0,0,0,0,0,0,0,0,0,0,0,0.3074,0.8441,0.6402,0.8934,0.9033,1.0008,0.6997,0.9514,0.6358,0.916,1.041,1.054,0.926,1.1908,1.0894,1.178,0.7451,1.1256,1.0788,0.9955,0.9865,1.035,0.8858,1.0554,1.4684,1.3212,1.3579,1.3482,1.4121,1.9122,1.8483,2.3608,2.3342,3.293,2.4504,3.2352,3.0633,3.3044,3.4193,3.035,2.2731,1.0778,0.73,0.7751,0.6216,0.3009,0.1762,0.1817,0.2424,0.2091,0.0402,0.0748,0.0613,0.0234,24,24
27,0.001868,93.059,0,0,0,0,0,0,0,0,0,0,0,0,0,0,0,0,0,0,0,0.5039,2.1425,2.9546,3.3172,3.3419,3.909,4.1483,3.0742,2.9279,3.9546,3.6355,3.9582,4.2474,4.12,4.2101,3.9024,3.5296,3.9888,2.9631,2.0285,1.9915,1.8021,1.7079,1.4954,1.4734,1.1514,1.4413,1.209,1.1798,0.9776,1.1,0.8619,0.8837,1.1384,0.9828,1.4352,0.6927,1.0966,1.0528,0.7111,0.7241,0.2232,0.1429,0.0798,0.0886,0.0907,0.1563,0.0667,0.0509,0.013,0.0453,0.058,0.077,0,23,27
28,0.001165,102.776,0,0,0,0,0,0,0,0,0,0,0,0,0,0,0,0,0,0,0,0.4217,1.6157,1.889,3.0464,3.7816,3.5424,3.5461,3.6499,3.9157,4.8074,3.501,4.7913,4.7002,5.3789,5.0183,4.1094,4.2725,3.7129,3.2442,3.3519,2.8938,2.5099,2.4266,1.919,2.1437,2.259,1.8454,1.6894,1.4039,1.7069,1.6183,1.4263,1.1339,0.9554,0.6319,0.5988,0.739,0.3914,0.6251,0.3265,0.2453,0.3417,0.1494,0.1222,0.118,0.0217,0.1091,0.0884,0.0396,0,0,0,0,0,24,31
29,0.007043,111.777,0,0,0,0,0,0,0,0,0,0,0,0,0,0,0,0,0,0,0,0.5307,1.343,2.1232,2.3281,2.5613,2.9219,2.3799,2.4443,2.912,2.7648,3.3383,3.1248,3.4745,4.0422,3.2954,3.2539,2.922,3.0821,2.6061,2.8547,2.367,1.7404,1.8883,1.8145,2.1418,2.3716,2.8082,2.8528,3.0867,2.4941,2.9777,2.5276,2.8773,3.0667,3.0837,3.0287,3.1478,2.876,1.7666,0.9295,0.9986,0.6217,0.7795,0.9242,0.6429,0.5118,0.8514,0.6028,0.7155,0.4432,0.4138,0.0799,0.0405,0.0012,27,32
30,0.001972,30.327,0,0,0,0,0,0,0,0,0,0,0,0,0,0,0,0,0,0,0.0433,0.0939,0.9135,0.7253,1.185,0.6657,1.0798,0.9299,0.8737,0.9657,0.9659,0.7887,0.5952,0.3457,0.562,0.5364,0.4521,0.4184,0.5412,0.307,0.4042,0.3999,0.2853,0.4269,0.2937,0.4072,0.6086,0.5393,0.408,0.7104,0.4158,0.8386,0.7636,0.9678,1.065,1.2901,0.8631,0.9968,0.8232,1.0404,0.9007,0.9111,0.3922,0.3886,0.1464,0.258,0.3863,0.0954,0.1011,0.0844,0.1258,0,0,0,0,31,32
31,0.005396,38.812,0,0,0,0,0,0,0,0,0,0,0,0,0,0,0,0,0,0,0,0.2699,0.7906,0.7628,0.6557,0.4972,0.5173,0.735,0.776,0.6403,0.663,0.593,0.6768,0.5248,0.1426,0.4187,0.4747,0.3631,0.4152,0.1709,0.3306,0.2267,0.3479,0.251,0.4212,0.2686,0.5392,0.45,0.6606,0.446,0.7017,0.8607,0.9863,0.7802,1.5203,1.5733,1.9334,1.8002,1.7388,2.1781,2.4378,1.6425,1.2203,1.1053,1.0844,0.7264,0.6995,0.5175,0.5395,0.3067,0.2679,0.1417,0.0202,0,0,32,31
32,0.002526,16.498,0,0,0,0,0,0,0,0,0,0,0,0,0,0,0,0,0,0,0.0329,0.2165,0.0416,0.1883,0.1539,0.2871,0.1601,0.0831,0.2186,0.1534,0.1458,0.1198,0.0791,0.0653,0.1308,0.0829,0.1243,0.1211,0.2143,0.229,0.2041,0.1001,0,0.1298,0.1235,0.274,0.1985,0.2645,0.4295,0.3258,0.3675,0.3996,0.5018,0.6775,0.7777,0.7003,0.7381,0.7715,1.5334,0.9204,0.6736,0.4595,0.6014,0.5067,0.51,0.1764,0.3824,0.2793,0.1137,0.3294,0.0639,0.0584,0.0583,0,0,32,27
33,0.003954,26.31,0,0,0,0,0,0,0,0,0,0,0,0,0,0,0,0,0,0,0.0347,0.4113,0.5377,0.2559,0.4138,0.4974,0.2462,0.4711,0.2467,0.1962,0.1956,0.1774,0.2423,0.2076,0.1627,0.2055,0.375,0.2936,0.1792,0.1305,0.3586,0.2864,0.1252,0.1856,0.2811,0.1896,0.269,0.4949,0.4919,0.3394,0.5668,0.7974,1.0541,0.7462,0.917,0.943,1.5819,1.6363,1.6304,1.1161,1.2104,0.9683,0.7524,0.631,0.3743,0.6572,0.6905,0.4029,0.4714,0.3253,0.2387,0.0961,0,0,0,31,24
34,0.005009,36.541,0,0,0,0,0,0,0,0,0,0,0,0,0,0,0,0,0,0,0.0339,0.2767,0.7352,0.7975,0.6593,0.4995,0.4216,0.2724,0.4571,0.4455,0.1932,0.2018,0.2177,0.2901,0.1894,0.2283,0.2003,0.3754,0.596,0.5111,0.3726,0.1957,0.2809,0.3191,0.218,0.3551,0.3779,0.4354,0.5537,0.5537,1.0403,0.9757,0.8826,1.306,1.3348,1.4285,1.4438,1.3343,2.4141,2.1454,2.5699,1.8881,1.5398,1.2718,0.9098,0.8434,0.8175,0.2474,0.3286,0.3326,0.116,0.0468,0.0601,0,0,27,24
35,0.00117,68.651,0,0,0,0,0,0,0,0,0,0,0,0,0,0,0,0,0,0,0,0.6915,1.0111,2.0155,2.2484,2.2911,2.2758,3.3253,1.9616,1.9477,2.246,2.4739,2.3099,2.2453,3.3533,2.5214,2.2028,3.3258,2.5714,2.0181,2.0979,2.0202,1.2952,0.9679,1.1989,1.1504,1.3101,1.3927,1.3632,1.7474,1.2369,1.502,1.0245,0.9973,0.8676,0.742,1.0384,0.6322,0.7885,0.3834,0.5458,0.3179,0.259,0.1714,0.1608,0.1534,0.0535,0.1174,0.04,0.0398,0,0,0,0,0,24,26
36,0.000964,143.794,0,0,0,0,0,0,0,0,0,0,0,0,0,0,0,0,0,0,0,0.5851,2.7591,3.7709,5.3958,6.3773,6.8518,7.5114,7.2666,6.9635,7.0194,7.7002,7.2539,7.061,6.677,6.3346,5.7917,4.8781,4.6204,4.1891,2.6044,3.0346,2.5266,1.895,1.9187,1.8068,1.591,2.3042,2.063,1.865,1.9756,1.8025,1.2164,1.5479,1.6907,1.3279,1.3278,0.7457,0.5055,0.4394,0.1506,0.1416,0.0631,0.0815,0.0617,0.0195,0,0.0156,0.0246,0.04,0,0,0,0,0,24,32
37,0.002297,133.69,0,0,0,0,0,0,0,0,0,0,0,0,0,0,0,0,0,0,0.0417,1.4399,3.0136,4.0784,3.6286,4.5333,5.4397,6.234,5.8931,5.7374,5.8024,5.0352,6.075,5.9371,4.9204,4.9304,4.5225,4.6606,3.7066,2.9441,2.9338,2.8847,2.8589,2.2293,1.7751,1.9375,1.903,2.6182,2.0498,2.012,2.1682,2.4214,2.0381,2.5254,1.9523,1.7322,1.3571,1.8139,1.6346,1.2504,0.7037,0.5898,0.2433,0.4869,0.3823,0.248,0.0116,0.1332,0.0639,0,0.0787,0.0586,0.0196,0,0,26,47
38,0.003335,166.944,0,0,0,0,0,0,0,0,0,0,0,0,0,0,0,0,0,0,0.1107,1.4755,4.5546,5.5711,6.1605,6.8513,7.7057,6.8492,6.8696,6.9879,8.523,7.9223,7.4087,8.672,7.2489,6.4173,6.1111,5.5909,4.3903,4.185,2.6618,2.2292,2.2085,2.3403,1.8021,1.9313,1.755,1.2989,1.6107,1.6572,1.896,1.627,2.1478,2.3044,2.0418,2.2679,2.438,2.3625,1.9766,2.4111,1.349,1.4863,1.2462,0.718,0.5683,0.5118,0.2494,0.1603,0,0.0405,0.0404,0,0,0,0,32,57
39,0.002164,165.785,0,0,0,0,0,0,0,0,0,0,0,0,0,0,0,0,0,0,0.0763,1.2292,3.175,3.6876,4.4862,5.0315,5.2031,5.8626,5.876,5.5919,5.9216,6.1897,6.6367,6.143,6.0556,6.7648,6.1232,5.9078,6.0063,6.0704,4.668,4.7293,3.6258,3.0821,3.5612,3.9698,4.1021,3.7518,2.7611,3.6691,3.7369,3.3644,2.7681,2.152,1.9612,2.0888,2.5545,1.7237,1.1954,1.1821,1.108,0.7925,0.4087,0.3494,0.1967,0.1013,0.0237,0.0781,0.0404,0,0,0,0,0,0,47,60
40,0.007896,166.035,0,0,0,0,0,0,0,0,0,0,0,0,0,0,0,0,0,0,0,0.9073,2.5472,3.2857,3.2965,3.699,4.1908,3.7092,3.4423,3.1879,4.1579,4.1099,4.0657,4.5237,3.8851,4.4603,4.9512,3.8225,3.7825,4.3607,3.9365,2.979,3.1631,3.0587,3.264,3.6167,3.1099,3.9037,3.6115,4.0953,4.0019,4.4778,4.1485,5.4294,4.8929,4.3479,5.3289,6.4888,5.567,4.2463,2.7753,2.0112,1.7572,1.2093,1.0617,0.7178,0.7158,0.6888,0.3112,0.3787,0.15,0.0616,0.1024,0.0408,0,57,60
41,0.010383,100.804,0,0,0,0,0,0,0,0,0,0,0,0,0,0,0,0,0,0,0.0692,0.7359,2.0294,2.4487,2.7239,2.1533,1.8613,1.771,1.5763,1.415,1.2918,1.2739,1.0389,1.1708,1.2862,1.5353,1.307,1.2229,1.5522,0.9917,1.0815,0.9365,1.0112,0.8618,0.9458,1.078,1.1182,1.4273,1.3884,2.042,2.4693,2.6232,2.7049,3.2462,3.013,3.3918,4.7297,4.1243,6.0579,5.3998,4.5704,4.2199,3.1118,2.537,1.715,1.6324,1.6831,1.1165,0.4078,0.2905,0.278,0.0957,0,0.0406,0,60,55
42,0.017224,87.377,0,0,0,0,0,0,0,0,0,0,0,0,0,0,0,0,0,0,0.0682,0.7286,1.6819,2.0778,2.0562,1.7924,1.5493,1.4984,0.978,1.1653,0.5988,0.6837,0.6757,0.6882,0.6897,1.0244,0.7238,0.8668,0.7188,0.4545,0.5801,0.3801,0.5003,0.4891,0.6212,0.7333,0.5387,0.4378,0.853,1.1174,1.1222,1.6052,1.7977,2.2898,2.5633,2.6923,3.4775,4.7431,4.4657,4.1061,3.4374,3.4963,3.546,3.6231,4.1201,2.6969,3.5523,2.8084,1.9885,1.2474,0.4193,0.3857,0.1758,0.0451,0,60,41
43,0.006452,78.239,0,0,0,0,0,0,0,0,0,0,0,0,0,0,0,0,0,0,0.0442,0.3092,0.7262,1.3169,1.2011,1.1775,1.2162,1.3555,1.5866,1.1457,1.2094,0.8825,1.1082,1.3881,0.8465,1.2714,1.0026,0.907,0.7793,0.725,0.8176,0.655,0.9373,1.1035,0.8819,1.0747,1.2455,1.0636,1.4448,2.3639,2.2299,1.9217,2.8268,3.3999,4.6268,4.2501,3.9055,4.3963,4.1246,3.2004,2.1535,2.6185,1.2169,1.4353,1.1782,0.9846,0.6079,0.6022,0.366,0.2786,0.0591,0.0483,0.0207,0,0,55,32
44,0.008488,101.503,0,0,0,0,0,0,0,0,0,0,0,0,0,0,0,0,0,0,0,0.1875,1.0968,1.02,1.6882,1.9822,1.6086,2.0439,1.232,1.2746,1.2705,1.2615,1.4776,1.6542,1.2931,1.1156,1.0902,1.0383,1.0066,1.1532,1.2138,1.5521,1.1077,1.1981,1.138,1.6286,1.5034,1.7564,2.1631,2.8663,2.7434,3.7847,3.8717,3.9088,4.8908,5.5376,6.0929,4.8479,5.5806,4.1974,4.1708,2.8107,2.092,1.567,1.0821,0.78,0.8379,0.8694,0.5651,0.422,0.1071,0.0406,0.0404,0.0401,0,41,28
45,0.003932,43.483,0,0,0,0,0,0,0,0,0,0,0,0,0,0,0,0,0,0,0.0333,0.6049,1.027,1.1224,0.6815,1.2484,1.2841,1.039,1.2455,0.7269,0.7541,0.8722,0.618,0.6968,0.7358,0.7049,0.7428,0.8593,0.6576,0.5908,0.5768,0.7754,0.461,0.3333,0.5196,0.7374,0.7455,0.6749,0.8466,0.6898,0.8576,0.9932,1.1071,1.2252,0.9068,1.7011,1.383,1.4783,1.4987,1.6323,1.2953,1.3681,1.514,1.1718,0.7449,0.6401,0.2438,0.4214,0.2518,0.2631,0.114,0.0264,0.0392,0,0,32,26
46,0.003387,116.311,0,0,0,0,0,0,0,0,0,0,0,0,0,0,0,0,0,0,0.0326,2.1155,4.3622,6.0429,6.9595,8.6713,7.5197,7.7509,6.5178,5.6404,5.6661,3.9166,3.4164,2.1844,3.2287,2.0018,2.1269,1.9152,1.337,1.6824,1.4753,1.4098,0.8624,0.9383,0.8565,1.2349,1.4167,1.6672,1.4193,1.1329,1.1358,1.4254,1.2683,1.0625,1.4001,1.1714,1.3113,1.7942,1.4459,1.6482,1.6152,1.1686,1.1383,0.9896,0.4478,0.6081,0.5536,0.1619,0.3671,0.0354,0.0599,0,0,0,0,28,25
47,0.00442,36.103,0,0,0,0,0,0,0,0,0,0,0,0,0,0,0,0,0,0,0,0.2199,0.4606,0.8505,0.5601,0.9402,0.609,0.741,0.5301,0.3344,0.6378,0.3275,0.2936,0.2382,0.6235,0.3854,0.5381,0.1774,0.1172,0.3889,0.4284,0.2604,0.3409,0.37,0.4514,0.4566,0.4039,0.6407,0.6671,0.5924,0.5253,0.5868,0.8107,1.0256,1.2724,1.26,1.5839,1.7557,1.4859,2.1482,1.9617,1.6935,1.7208,0.9046,1.3543,0.7048,0.8,0.3902,0.3605,0.1328,0,0.0399,0,0,0,26,25
48,0.003722,40.16,0,0,0,0,0,0,0,0,0,0,0,0,0,0,0,0,0,0,0,0.3236,0.3811,0.7688,0.874,1.4163,1.1251,0.8199,1.0255,0.6564,0.822,0.5833,0.5544,0.5637,0.5359,0.5856,0.7025,0.4817,0.8023,0.6054,0.6049,0.2783,0.1642,0.4721,0.4071,0.3715,0.6902,0.6459,0.6425,0.9129,0.6736,0.9542,1.1432,1.6982,1.2883,1.1326,1.5029,1.8011,1.7897,1.8871,1.2959,1.3704,1.1656,1.3315,0.521,0.3566,0.6939,0.1891,0.2703,0.1495,0,0.0426,0.0855,0,0,25,24
49,0.013439,59.306,0,0,0,0,0,0,0,0,0,0,0,0,0,0,0,0,0,0,0.0865,0.274,0.5598,0.8862,0.7433,0.6668,0.8552,0.9741,1.1341,0.8141,0.8346,0.7867,0.5215,0.6048,0.545,1.2881,0.6046,0.4776,0.4902,0.6131,0.3399,0.2435,0.3091,0.4638,0.7531,0.3843,0.5163,0.376,0.5574,0.821,1.0409,1.5167,1.1834,1.1343,1.4776,1.5481,1.5118,2.0308,2.0861,2.6166,2.6967,2.3593,2.5707,2.0679,2.9809,2.6403,2.5427,2.9452,2.0945,1.1609,0.3329,0.1214,0.0809,0.0401,0,25,24
50,0.003323,55.641,0,0,0,0,0,0,0,0,0,0,0,0,0,0,0,0,0,0,0,0.1298,0.6635,1.0263,0.5848,0.824,1.2676,0.9648,1.2875,1.281,0.8802,0.7295,0.7536,0.8585,0.9401,0.8011,0.7242,0.9006,0.97,0.8745,1.1101,0.6462,0.7142,1.0987,0.732,0.7697,1.024,1.6028,1.5637,1.7453,2.0184,2.144,2.3628,2.512,2.4458,2.1504,1.9535,2.4428,2.5332,2.217,1.622,0.742,0.8699,0.5605,0.4791,0.2578,0.1456,0.2826,0.1832,0.1314,0.0792,0.0394,0,0,0,24,24
51,0.00276,68.375,0,0,0,0,0,0,0,0,0,0,0,0,0,0,0,0,0,0,0,0.2177,1.0907,1.3371,1.735,2.0244,2.1098,1.6067,1.852,1.4333,2.2108,2.1407,1.5016,2.0592,1.9482,2.2525,1.7753,1.7562,2.0594,1.6653,1.4593,1.5828,1.1175,0.909,0.9847,1.5754,1.3254,1.5622,1.3704,2.0337,1.8539,1.7057,1.7349,1.673,1.5724,1.6036,1.9656,1.8152,1.509,1.6447,0.942,0.8197,0.632,0.7,0.3631,0.4139,0.2216,0.1945,0.1181,0.0963,0.0602,0.0388,0,0,0,24,26
52,0.006477,100.867,0,0,0,0,0,0,0,0,0,0,0,0,0,0,0,0,0,0,0,0.8606,1.1671,1.7965,2.1085,2.2648,2.768,2.2035,2.333,2.4109,2.3647,2.2066,2.2474,2.4301,2.6359,2.0736,2.3699,2.6488,1.9615,1.6419,1.6196,1.1717,1.3106,1.3931,1.6648,1.4714,1.6825,2.0553,2.1159,1.7551,2.3779,2.8146,2.9992,2.9805,2.2998,3.845,3.7999,4.2612,3.5676,3.2514,2.7044,1.9504,1.645,1.3195,1.3817,0.6361,0.7722,0.5619,0.5868,0.1768,0.1722,0.0296,0,0,0,24,27
53,0.005039,37.924,0,0,0,0,0,0,0,0,0,0,0,0,0,0,0,0,0,0,0.0346,0.1946,0.4189,0.4449,0.746,0.9514,0.3153,0.5013,0.383,0.5815,0.5048,0.3071,0.6882,0.5011,0.4868,0.45,0.291,0.3423,0.291,0.4978,0.4,0.3843,0.319,0.4784,0.4275,0.6334,0.4587,0.781,0.5895,0.5604,0.7163,0.9681,0.601,1.0369,1.2955,1.5686,2.0705,2.189,2.4591,1.5376,1.6863,1.2536,0.9857,1.1225,0.931,0.9445,0.7382,0.8499,0.5543,0.3696,0.0411,0.0409,0,0,0,26,28
54,0.007166,55.939,0,0,0,0,0,0,0,0,0,0,0,0,0,0,0,0,0,0,0,0.3473,0.5488,0.8334,0.6073,1.1111,0.8927,0.9134,0.8966,0.8415,1.1968,1.1775,1.064,0.7977,0.7256,0.954,1.0008,0.6978,0.8545,0.3705,0.5789,0.2295,0.5659,0.5716,0.3655,0.6322,0.5058,0.4847,0.7489,1.1779,1.2464,1.321,1.3662,1.4653,1.5919,1.6021,2.209,2.5508,2.725,3.4368,2.1766,2.7271,2.274,1.3379,1.4883,1.5752,1.0448,0.9395,0.6495,0.3745,0.0759,0.0279,0.001,0.04,0,27,27
55,0.004744,29.193,0,0,0,0,0,0,0,0,0,0,0,0,0,0,0,0,0,0,0,0.2555,0.3773,0.6246,0.5607,0.6633,0.6884,0.6921,0.354,0.421,0.3395,0.1912,0.2185,0.3104,0.2591,0.3419,0.2586,0.2363,0.1991,0.2218,0.1105,0.2847,0.2495,0.1608,0.1825,0.3042,0.3302,0.3686,0.4507,0.5856,0.6784,0.8499,0.6942,0.6676,0.8341,1.0024,0.8074,1.0307,1.5237,1.6343,1.2281,1.2366,1.2254,1.1149,1.2056,0.6854,0.884,0.5442,0.4729,0.3641,0.1492,0.0798,0.0346,0.0051,0,28,27
56,0.009116,37.948,0,0,0,0,0,0,0,0,0,0,0,0,0,0,0,0,0,0,0,0.1716,0.6558,0.2991,0.3316,0.6493,0.4753,0.6779,0.4174,0.4371,0.3605,0.5754,0.2651,0.3851,0.1846,0.2153,0.156,0.0822,0.3538,0.1932,0.146,0.2692,0.3116,0.2407,0.1275,0.2177,0.2311,0.3844,0.427,0.5173,0.3336,0.9598,0.7878,0.8384,1.0163,1.3507,1.4086,1.7261,1.8028,1.9247,2.1014,1.5659,1.6971,1.5666,1.4727,1.3589,1.3731,1.7496,1.3694,1.2666,0.4368,0.0623,0.0201,0,0,27,24
57,0.006858,44.229,0,0,0,0,0,0,0,0,0,0,0,0,0,0,0,0,0,0,0.0329,0.2164,0.7248,0.7626,1.0346,0.9561,0.842,0.4305,0.5268,0.3909,0.3513,0.3755,0.4177,0.2807,0.4731,0.4056,0.2463,0.2611,0.3855,0.4556,0.2106,0.2321,0.3893,0.3217,0.2125,0.2516,0.4368,0.6733,0.6674,0.8931,1.0613,0.8094,0.9843,0.9095,1.9648,1.7002,1.9338,2.7324,2.6037,2.0138,2.0094,1.8543,2.1741,1.5165,1.4545,1.3357,1.0387,0.7762,0.7561,0.4611,0.2026,0.0779,0,0,0,27,23
58,0.007913,51.448,0,0,0,0,0,0,0,0,0,0,0,0,0,0,0,0,0,0,0,0.2297,1.154,1.0383,0.961,0.9439,1.1556,0.6776,0.7921,0.7457,0.554,0.7841,0.4696,0.5091,0.4903,0.477,0.4691,0.2179,0.2291,0.2447,0.4157,0.2083,0.3204,0.3331,0.2828,0.5118,0.5023,0.4749,0.6835,0.7296,0.9444,1.0177,1.3703,1.508,1.5106,2.4677,1.9828,2.6303,2.4978,3.1566,2.7309,2.4751,1.801,2.0352,1.7034,1.1886,0.9302,1.1452,0.936,0.409,0.2494,0.0695,0.0776,0.0053,0,24,23
59,0.00798,65.545,0,0,0,0,0,0,0,0,0,0,0,0,0,0,0,0,0,0,0,0.232,0.9864,1.3541,1.1672,1.2048,1.3803,1.3221,1.1051,1.4538,1.0284,0.7146,0.9248,0.6182,0.5697,0.7872,0.6923,0.7566,0.5434,0.5324,0.4284,0.6522,0.6564,0.7554,0.7077,0.9738,1.0872,1.7206,1.3583,1.4265,1.8538,2.0972,2.5437,2.4698,3.1334,2.4572,2.9531,3.1915,2.4685,2.4416,1.9714,1.2457,1.4193,1.3644,1.0415,1.0456,1.2245,1.0531,0.8722,1.1926,0.2944,0.0702,0,0,0,23,23
60,0.008702,26.396,0,0,0,0,0,0,0,0,0,0,0,0,0,0,0,0,0,0,0,0.126,0.4561,0.2297,0.6875,0.6062,0.6074,0.2679,0.6404,0.2389,0.3989,0.2352,0.2173,0.1616,0.246,0.2659,0.1966,0.2878,0.3464,0.2421,0.1495,0.1257,0.0589,0.1492,0.1783,0.2054,0.0853,0.2891,0.2223,0.1827,0.3221,0.4871,0.2549,0.5809,0.3581,0.5103,0.6142,0.6633,0.9293,0.9313,0.7079,0.5444,0.9377,1.1844,0.938,1.7512,1.2119,1.3618,1.6843,1.1737,0.8171,0.2103,0.0733,0.0441,0,23,23
0,0,0,0.104,0.111,0.12,0.129,0.138,0.149,0.16,0.172,0.184,0.198,0.213,0.229,0.246,0.264,0.284,0.305,0.328,0.352,0.379,0.407,0.437,0.47,0.505,0.543,0.583,0.627,0.674,0.724,0.778,0.836,0.898,0.965,1.037,1.115,1.198,1.287,1.383,1.486,1.597,1.717,1.845,1.982,2.13,2.289,2.46,2.643,2.841,3.053,3.28,3.525,3.788,4.071,4.374,4.701,5.051,5.428,5.833,6.268,6.736,7.239,7.779,8.359,8.983,9.653,10.373,11.147,11.979,12.872,13.833,14.865,15.974,17.165,18.446,0,0
