Tiempo (min),LWC (g/m3),Cn(P/cm3),0.104,0.111,0.12,0.129,0.138,0.149,0.16,0.172,0.184,0.198,0.213,0.229,0.246,0.264,0.284,0.305,0.328,0.352,0.379,0.407,0.437,0.47,0.505,0.543,0.583,0.627,0.674,0.724,0.778,0.836,0.898,0.965,1.037,1.115,1.198,1.287,1.383,1.486,1.597,1.717,1.845,1.982,2.13,2.289,2.46,2.643,2.841,3.053,3.28,3.525,3.788,4.071,4.374,4.701,5.051,5.428,5.833,6.268,6.736,7.239,7.779,8.359,8.983,9.653,10.373,11.147,11.979,12.872,13.833,14.865,15.974,17.165,18.446,Visibilidad (m),Visibilidad corregida (m)
1,0.011471,322.795,0,0,0,0,0,0,0,0,0,0,0,0,0,0,0,0,0,0,0.103,0.982,2.708,3.28,3.867,5.337,4.32,3.973,4.182,3.874,4.425,4.54,4.979,5.195,5.719,5.975,6.328,5.692,5.6,5.319,6.021,4.758,4.725,5.037,4.927,5.255,6.883,6.731,8.315,10.978,11.328,12.612,14.567,17.467,20.229,19.34,22.125,19.947,18.861,11.629,3.666,0.657,0.126,0.084,0.044,0.072,0.01,0,0,0,0,0,0,0,0,44,44
2,0.010955,273.947,0,0,0,0,0,0,0,0,0,0,0,0,0,0,0,0,0,0,0.087,0.975,2.268,2.796,3.507,3.847,4.055,4.205,4.252,3.42,3.518,3.841,3.516,3.818,3.744,4.392,5.096,4.243,4.574,4.808,4.248,4.132,3.335,4.039,4.237,4.708,5.207,5.329,7.345,8.43,10.005,10.285,11.785,12.243,16.138,15.652,18.151,18.595,18.021,13.042,5.836,1.574,0.386,0.219,0.001,0.043,0,0,0,0,0,0,0,0,0,44,44
3,0.00847,289.812,0,0,0,0,0,0,0,0,0,0,0,0,0,0,0,0,0,0,0,0.978,3.309,4.469,6.178,6.833,5.543,6.277,4.443,4.827,5.097,5.787,6.578,5.855,5.778,6.253,6.92,5.696,6.193,6.236,5.062,5.744,5.392,5.369,5.314,5.646,6.693,6.541,7.169,7.939,11.173,9.568,10.823,13.228,13.33,14.513,13.621,12.957,13.028,7.767,4.134,1.171,0.159,0.175,0.002,0,0,0,0,0.043,0,0,0,0,0,44,44
4,0.004727,216.231,0,0,0,0,0,0,0,0,0,0,0,0,0,0,0,0,0,0,0.0706,1.9444,4.0437,4.3287,5.5563,5.5803,5.605,6.3547,6.037,5.2147,5.6049,4.6902,4.7153,5.952,6.2192,5.1294,5.9571,4.8692,5.953,5.1162,4.3276,5.1643,3.3727,3.0494,4.5658,4.1536,3.9695,5.2122,5.596,6.4091,6.5937,8.0207,7.1476,7.9092,8.0379,6.7175,6.6275,6.4448,6.3932,3.6277,2.3619,1.2508,0.248,0.0888,0,0,0,0,0,0,0,0,0,0,0,44,42
5,0.006735,206.976,0,0,0,0,0,0,0,0,0,0,0,0,0,0,0,0,0,0,0.07,0.93,2.756,3.203,4.248,3.833,3.892,4.228,4.499,4.213,4.59,4.917,4.205,5.342,4.755,4.42,4.561,4.13,4.543,4.318,3.973,3.595,3.802,3.142,3.083,3.841,3.98,4.568,5.155,5.082,5.646,5.901,7.438,7.357,8.501,10.024,9.181,9.854,10.719,7.601,4.77,1.492,0.357,0.221,0.022,0.02,0,0,0,0,0,0,0,0,0,44,41
6,0.009649,256.342,0,0,0,0,0,0,0,0,0,0,0,0,0,0,0,0,0,0,0.045,1.201,2.788,2.387,3.736,4.743,4.447,4.147,3.802,3.014,4.371,4.322,3.996,4.816,5.337,5.325,4.892,5.04,4.021,4.902,4.251,3.603,3.484,3.843,3.976,4.585,4.768,4.337,5.468,6.765,7.281,8.602,10.524,12.038,13.496,14.486,15.801,16.873,16.562,11.854,5.024,1.118,0.173,0.051,0.047,0.002,0,0,0,0,0,0,0,0,0,42,40
7,0.010665,289.65,0,0,0,0,0,0,0,0,0,0,0,0,0,0,0,0,0,0,0.045,1.189,3.237,4.222,4.526,4.524,5.174,4.803,4.215,4.482,6.095,5.649,5.291,5.477,5.353,5.685,5.921,6.143,4.997,4.876,5.125,3.815,3.702,4.391,5.019,4.702,5.08,5.528,7.041,7.663,9.079,9.308,9.827,13.372,14.598,16.082,17.848,17.574,18.014,11.837,5.844,1.486,0.42,0.148,0.075,0.075,0.096,0,0,0,0,0,0,0,0,41,39
8,0.008821,282.018,0,0,0,0,0,0,0,0,0,0,0,0,0,0,0,0,0,0,0.158,1.155,2.897,3.935,4.665,5.649,5.483,4.879,5.244,5.642,6.01,5.977,6.36,6.862,6.669,7.185,6.844,6.316,6.367,6.189,5.734,5.332,4.258,4.388,4.144,4.303,5.354,5.387,6.592,8.755,7.873,9.645,9.777,12.451,10.799,13.322,15.305,13.436,13.703,10.938,4.541,0.921,0.398,0.092,0,0.032,0.053,0,0,0,0,0,0,0,0,40,39
9,0.01243,315.458,0,0,0,0,0,0,0,0,0,0,0,0,0,0,0,0,0,0,0.088,0.948,2.598,3.365,4.338,5.04,4.731,4.628,5.524,4.275,4.399,4.453,4.354,5.389,4.548,5.18,4.575,5.519,4.332,4.616,4.762,4.286,4.859,4.763,4.775,5.291,6.099,6.252,6.61,8.368,10.492,12.059,13.616,15.053,18.801,19.225,22.273,21.363,21.985,14.119,5.975,1.209,0.148,0.034,0.098,0.002,0.043,0,0,0,0,0,0,0,0,39,38
10,0.007122,256.049,0,0,0,0,0,0,0,0,0,0,0,0,0,0,0,0,0,0,0.078,0.934,2.432,3.197,4.54,4.494,4.726,4.481,4.685,4.712,4.686,4.61,5.558,4.868,6.694,5.436,6.037,5.017,5.642,5.243,5.116,4.605,3.919,4.585,4.51,5.255,6.818,6.191,7.111,9.451,8.797,10.156,9.602,12.122,12.986,13.371,12.812,11.35,9.619,5.99,2.616,0.628,0.153,0.212,0,0,0,0,0,0,0,0,0,0,0,39,37
11,0.00927,353.952,0,0,0,0,0,0,0,0,0,0,0,0,0,0,0,0,0,0,0,1.286,3.293,3.865,4.367,4.866,5.849,5.833,5.42,5.107,6.655,7.003,6.308,7.437,6.92,6.71,6.618,8.028,7.188,6.983,5.678,6.287,6.466,7.352,7.182,8.252,9.353,9.067,11.964,12.532,15.082,16.814,17.311,17.469,18.221,19.914,18.906,17.994,12.638,4.334,1.187,0.123,0.046,0.011,0.031,0,0,0,0,0,0,0,0,0,0,38,38
12,0.006924,559.492,0,0,0,0,0,0,0,0,0,0,0,0,0,0,0,0,0,0,0.034,2.92,7.339,10.051,12.1,16.565,17.169,17.401,17.851,17.731,17.261,20.23,18.558,21.141,21.356,20.197,19.12,18.57,15.225,14.477,12.107,11.975,12.19,10.202,10.879,11.379,12.787,13.386,15.569,17.151,18.038,17.154,16.247,15.13,15.978,13.993,12.48,8.454,5.861,2.193,0.657,0.109,0.067,0.213,0,0,0,0,0,0,0,0,0,0,0,37,43
13,0.008613,441.156,0,0,0,0,0,0,0,0,0,0,0,0,0,0,0,0,0,0,0,1.458,4.456,5.599,6.281,7.981,7.033,8.173,7.436,8.178,9.534,7.811,8.97,10.962,10.117,13.019,12.779,11.353,10.919,12.466,10.379,9.193,8.83,9.222,9.485,10.156,10.319,12.19,13.928,16.702,19.524,22.777,21.01,21.663,21.028,20.206,16.971,11.943,7.983,2.526,0.394,0.049,0.15,0.003,0,0,0,0,0,0,0,0,0,0,0,38,47
14,0.011927,434.79,0,0,0,0,0,0,0,0,0,0,0,0,0,0,0,0,0,0,0,1.854,4.173,4.982,7.347,6.712,8.509,7.466,6.983,6.88,7.967,8.031,7.96,9.04,9.859,8.066,8.529,10.199,10.108,8.388,8.051,8.703,7.782,8.016,8.438,8.8,10.227,11.7,13.085,14.353,16.862,18.901,19.264,21.817,20.912,23.381,23.063,20.619,15.266,7.324,2.646,1.494,0.636,0.182,0.107,0.095,0.011,0,0,0,0,0,0,0,0,43,51
15,0.010074,494.186,0,0,0,0,0,0,0,0,0,0,0,0,0,0,0,0,0,0,0.035,2.509,6.771,9.235,12.444,14.544,14.5,14.348,14.227,13.615,14.257,14.337,14.696,13.647,13.606,12.922,12.882,10.617,10.694,10.279,10.826,8.113,7.149,7.96,7.935,9.999,9.175,10.831,11.582,13.13,15.005,16.151,16.518,18.745,19.27,21.857,19.436,18.658,14.908,5.074,1.093,0.129,0.264,0.045,0.107,0.02,0,0.016,0.026,0,0,0,0,0,0,47,55
16,0.002356,691.457,0,0,0,0,0,0,0,0,0,0,0,0,0,0,0,0,0,0,0.179,4.941,15.046,21.254,28.751,33.295,39.298,38.728,38.655,40.456,40.253,41.17,39.993,41.082,38.465,32.172,26.631,21.566,17.584,14.186,10.011,10.186,7.286,6.428,6.343,6.421,7.005,7.165,6.573,7.038,8.606,8.062,6.662,6.302,4.977,3.05,2.097,1.841,0.936,0.516,0.208,0,0,0.011,0.031,0,0,0,0,0,0,0,0,0,0,51,102
17,0.007383,614.137,0,0,0,0,0,0,0,0,0,0,0,0,0,0,0,0,0,0,0.16,3.179,9.039,10.373,15.001,17.125,17.417,18.398,17.582,19.14,19.824,20.088,20.848,23.566,20.614,22.705,22.042,19.469,17.943,17.296,14.903,12.861,11.151,12.555,12.026,13.185,13.534,13.611,16.533,18.125,18.717,21.599,19.213,19.9,17.423,17.047,14.646,9.516,4.499,0.995,0.25,0.043,0,0,0,0,0,0,0,0,0,0,0,0,0,55,114
18,0.007749,424.079,0,0,0,0,0,0,0,0,0,0,0,0,0,0,0,0,0,0,0,1.548,4.115,5.183,6.15,7.093,7.959,7.525,7.729,6.823,7.491,9.316,9.155,9.297,10.337,10.188,9.163,10.897,10.173,10.659,9.736,10.726,9.414,9.552,9.943,10.379,12.55,14.634,17.267,19.746,19.216,19.882,20.633,20.071,19.143,17.698,15.326,9.495,4.955,2.069,0.542,0.089,0.086,0.053,0.073,0,0,0,0,0,0,0,0,0,0,102,112
19,0.009208,449.794,0,0,0,0,0,0,0,0,0,0,0,0,0,0,0,0,0,0,0.044,1.258,4.12,5.293,6.329,7.802,7.306,7.986,7.47,7.338,7.914,9.212,9.035,10.524,10.026,9.585,11.918,10.37,11.435,11.886,9.634,9.556,8.761,8.904,8.879,10.822,12.491,14.986,17.113,19.47,21.293,20.976,21.464,22.445,21.174,20.463,19.458,14.323,7.36,2.398,0.464,0.175,0,0.21,0.022,0.051,0.011,0,0.035,0.006,0,0,0,0,0,114,111
20,0.010326,512.288,0,0,0,0,0,0,0,0,0,0,0,0,0,0,0,0,0,0,0.079,1.905,4.716,6.384,6.749,8.55,8.411,8.938,8.512,8.403,8.949,9.599,11.497,12.212,12.396,11.657,12.922,11.468,12.319,11.26,11.982,11.104,10.556,10.888,11.728,12.424,13.649,15.408,17.812,21.441,23.116,24.423,24.804,25.674,27.174,25.261,22.298,14.294,8.353,2.358,0.327,0.175,0.071,0,0,0,0.042,0,0,0,0,0,0,0,0,112,112
21,0.004117,669.606,0,0,0,0,0,0,0,0,0,0,0,0,0,0,0,0,0,0,0.183,3.609,10.695,15.429,17.756,23.069,26.329,24.97,26.292,28.227,30.378,31.319,35.268,33.903,34.689,32.615,29.455,26.85,21.015,21.348,18.116,13.816,11.103,11.29,10.285,10.463,11.549,11.151,11.045,12.044,12.162,10.947,11.405,11.245,9.725,6.678,5.554,4.565,2.051,0.799,0.159,0.014,0.042,0,0,0,0,0,0,0,0,0,0,0,0,111,80
22,0.006077,633.949,0,0,0,0,0,0,0,0,0,0,0,0,0,0,0,0,0,0,0.206,3.449,9.148,12.817,17.023,18.581,18.88,21.249,17.059,18.285,19.09,22.043,20.203,22.089,22.278,22.155,23.658,20.652,19.904,19.467,16.812,15.852,14.169,13.246,13.739,14.714,16.653,17.12,17.482,20.262,20.901,20.017,19.813,19.842,16.06,13.529,9.176,4.494,1.493,0.256,0.042,0,0.039,0.003,0,0,0,0,0,0,0,0,0,0,0,112,74
23,0.004746,645.964,0,0,0,0,0,0,0,0,0,0,0,0,0,0,0,0,0,0,0.104,3.486,9.471,12.467,16.191,16.736,20.945,18.621,19.957,18.365,21.276,23.005,24.328,25.659,27.047,27.759,25.553,21.56,21.992,20.918,18.399,15.566,14.113,14.325,13.709,16.906,17.891,18.389,20.3,21.922,21.51,20.177,16.41,14.942,11.54,7.816,3.874,2.145,0.274,0.187,0.128,0,0,0,0,0,0,0,0,0,0,0,0,0,0,80,85
24,0.003506,668.218,0,0,0,0,0,0,0,0,0,0,0,0,0,0,0,0,0,0,0.154,4.668,13.692,17.581,23.775,27.436,29.044,29.029,29.385,31.995,33.177,31.544,32.223,30.033,29.033,26.434,25.133,18.287,18.139,17.5,14.661,13.28,10.684,11.631,11.856,11.84,11.954,12.66,13.72,16.621,15.675,13.514,12.522,11.776,7.748,5.08,3.242,0.866,0.36,0.056,0.084,0.019,0.023,0.042,0,0,0,0.016,0.025,0,0,0,0,0,0,74,115
25,0.004226,723.109,0,0,0,0,0,0,0,0,0,0,0,0,0,0,0,0,0,0,0.122,5.134,13.471,19.472,26.768,29.36,31.155,32.262,32.063,33.383,33.752,33.263,34.512,36.903,32.472,31.337,27.192,23.505,21.576,17.694,14.941,12.56,11.473,10.301,10.547,10.837,10.769,12.646,13.283,14.384,14.915,15.328,12.934,13.242,10.956,9.681,5.379,2.817,0.445,0.216,0.014,0.042,0,0,0,0,0,0,0,0,0,0,0,0,0,85,134
26,0.005523,695.478,0,0,0,0,0,0,0,0,0,0,0,0,0,0,0,0,0,0,0.188,4.295,9.109,14.126,15.996,20.225,20.01,20.685,19.525,20.396,23.599,25.356,26.994,26.311,29.726,26.183,26.352,24.2,20.751,22.126,18.554,17.608,16.012,15.208,15.345,16.325,17.054,18.826,20.97,24.43,25.005,23.297,20.735,19.139,12.779,10.308,4.425,2.165,0.567,0.322,0.195,0.056,0,0,0,0,0,0,0,0,0,0,0,0,0,115,132
27,0.007242,435.437,0,0,0,0,0,0,0,0,0,0,0,0,0,0,0,0,0,0,0.078,2.069,4.473,4.859,6.825,8.532,8.757,8.352,7.845,7.632,8.996,8.802,10.155,10.348,11.767,12.589,12.379,12.195,13.207,12.396,11.405,10.407,9.446,10.642,10.517,12.357,12.774,14.248,16.135,17.473,19.373,18.406,18.815,18.643,17.449,15.053,12.304,8.969,5.303,2.182,1.024,0.148,0.062,0.045,0,0,0,0,0,0,0,0,0,0,0,134,128
28,0.00773,552.845,0,0,0,0,0,0,0,0,0,0,0,0,0,0,0,0,0,0,0.078,3.215,7.839,10.287,11.473,15.227,16.835,16.08,15.018,15.427,15.42,15.718,15.535,16.842,15.46,15.965,14.791,13.353,13.07,14.195,11.66,11.762,10.787,10.882,10.331,13.988,13.403,17.057,17.049,18.954,22.11,22.18,20.099,21.306,19.829,18.7,16.038,10.396,3.726,0.631,0.086,0.043,0,0,0,0,0,0,0,0,0,0,0,0,0,132,116
29,0.008427,590.837,0,0,0,0,0,0,0,0,0,0,0,0,0,0,0,0,0,0,0.044,2.476,7.463,10.671,13.355,14.789,15.19,14.842,16.258,15.559,17.91,17.925,21.104,20.539,20.575,20.913,18.439,17.385,16.151,15.519,12.978,11.393,11.442,10.688,10.051,11.636,12.427,13.729,15.514,19.792,21.383,22.218,21.075,23.031,19.635,18.984,17.646,11.92,6.444,1.569,0.159,0.016,0.002,0,0,0,0,0,0,0,0,0,0,0,0,128,86
30,0.010919,507.642,0,0,0,0,0,0,0,0,0,0,0,0,0,0,0,0,0,0,0.034,1.814,5.058,5.394,6.817,7.712,7.796,8.515,9.547,7.568,8.037,8.084,9.593,10.243,12.062,11.284,11.616,9.935,9.256,10.891,11.26,11.105,11.202,10.656,10.188,12.005,15.3,16.501,19.142,21.51,23.776,25.407,24.984,28.271,27.197,24.672,23.558,15.975,9.928,2.962,0.567,0.219,0.004,0,0,0,0,0,0,0,0,0,0,0,0,116,65
31,0.013271,581.505,0,0,0,0,0,0,0,0,0,0,0,0,0,0,0,0,0,0,0.122,1.941,5.865,6.97,7.805,9.04,9.073,9.875,8.818,10.098,9.367,10.458,11.214,12.267,13.301,13.089,13.515,11.724,13.851,12.102,12.81,11.926,11.15,11.233,12.099,14.808,15.003,17.22,19.258,22.686,26.293,29.167,27.71,30.704,29.06,29.165,28.817,21.986,13.371,4.478,1.458,0.348,0.085,0.174,0,0,0,0,0,0,0,0,0,0,0,86,54
32,0.014821,549.28,0,0,0,0,0,0,0,0,0,0,0,0,0,0,0,0,0,0,0.148,1.746,4.066,5.867,6.381,7.069,7.517,7.414,6.474,7.39,7.836,8.11,8.13,9.253,9.786,9.495,9.89,10.358,9.791,9.876,10.045,9.647,8.7,10.062,10.326,11.796,13.165,16.288,18.403,22.724,26.222,28.976,33.157,32.624,33.521,35.425,32.228,26.702,15.959,4.778,1.345,0.411,0.046,0.103,0.031,0,0,0,0,0,0,0,0,0,0,65,48
33,0.011402,532.78,0,0,0,0,0,0,0,0,0,0,0,0,0,0,0,0,0,0,0.044,2.149,5.367,7.111,8.483,9.47,9.074,7.852,9.369,8.173,9.4,9.773,10.379,10.565,11.272,11.65,10.844,11.985,11.167,11.905,10.588,10.559,11.178,10.345,11.813,12.652,13.794,15.367,18.663,23.973,24.96,27.655,26.848,29.286,26.918,26.828,23.893,18.812,8.47,2.874,0.83,0.311,0.087,0.045,0,0,0,0,0,0,0,0,0,0,0,54,48
34,0.010697,552.465,0,0,0,0,0,0,0,0,0,0,0,0,0,0,0,0,0,0,0.035,1.834,5.168,6.436,8.944,9.893,9.43,9.732,9.063,9.404,9.237,9.915,11.11,12.785,11.631,12.621,13.08,12.914,11.601,13.104,12.357,11.557,10.881,11.422,12.181,13.672,14.831,19.319,19.814,23.061,28.239,29.028,28.967,31.002,29.33,26.337,20.119,13.447,6.424,1.598,0.301,0.336,0.092,0.013,0.115,0,0.042,0.042,0,0,0,0,0,0,0,48,48
35,0.007031,664.802,0,0,0,0,0,0,0,0,0,0,0,0,0,0,0,0,0,0,0,3.581,9.173,13.295,18.329,20.272,21.635,22.641,21.65,21.455,22.272,22.384,20.665,22.853,23.034,21.662,18.848,20.179,16.734,16.079,15.45,14.373,12.339,12.472,13.618,15.199,16.579,17.303,19.967,22.983,23.338,24.817,24.458,22.577,18.111,15.683,10.621,4.555,2.535,0.771,0.173,0.118,0.023,0,0,0,0,0,0,0,0,0,0,0,0,48,57
36,0.007814,687.531,0,0,0,0,0,0,0,0,0,0,0,0,0,0,0,0,0,0,0.145,3.949,9.618,11.169,16.84,19.244,18.104,19.325,19.256,19.425,20.589,20.677,22.368,22.643,21.231,22.054,21.847,19.375,18.404,17.641,16.052,15.42,15.053,15.003,14.589,16.594,17.392,19.987,21.99,25.344,27.645,28.709,25.941,26.585,21.501,16.406,10.228,5.034,2.272,1.114,0.505,0.2,0.064,0,0,0,0,0,0,0,0,0,0,0,0,48,69
37,0.007516,540.428,0,0,0,0,0,0,0,0,0,0,0,0,0,0,0,0,0,0,0.078,3.171,6.845,8.629,10.052,12.053,10.555,13.116,11.622,12.799,12.946,13.467,12.957,15.114,16.565,17.071,17.153,15.128,14.372,15.41,14.108,13.47,11.783,11.905,13.163,14.008,15.867,16.309,17.978,20.936,24.346,23.661,20.923,21.458,20.205,15.933,10.597,8.201,4.155,1.552,0.556,0.129,0.039,0.045,0,0,0,0,0,0,0,0,0,0,0,57,74
38,0.009898,594.539,0,0,0,0,0,0,0,0,0,0,0,0,0,0,0,0,0,0,0.069,1.776,6.162,8.092,9.607,11.061,10.952,10.711,11.606,10.7,12.559,12.159,12.073,13.221,14.857,16.202,16.492,16.248,15.61,15.307,14.759,14.428,12.111,13.667,14.959,15.408,16.773,20.581,21.57,26.041,27.86,29.991,27.144,27.41,25.344,24.09,18.003,10.333,5.769,2.063,0.446,0.112,0.212,0.003,0,0,0,0,0,0,0,0,0,0,0,69,76
39,0.006146,677.03,0,0,0,0,0,0,0,0,0,0,0,0,0,0,0,0,0,0,0.078,4.791,10.786,16.312,20.612,22.922,22.915,21.67,21.341,22.169,23.294,22.901,23.661,23.577,24.483,26.078,20.418,21.288,20.228,18.827,15.753,14.227,12.732,13.883,13.772,14.718,17.17,17.428,19.013,20.742,20.648,21.51,20.867,21.414,17.554,13.468,8.535,3.687,1.215,0.234,0.056,0.056,0,0,0,0,0,0,0,0,0,0,0,0,0,74,82
40,0.008196,531.666,0,0,0,0,0,0,0,0,0,0,0,0,0,0,0,0,0,0,0.112,2.4,5.927,8.272,10.12,11.705,11.121,11.243,11.532,11.613,10.62,11.623,14.376,13.152,14.422,14.409,13.242,15.034,14.346,14.329,13.075,13.245,11.908,11.811,12.071,13.61,15.458,17.085,19.301,21.563,24.717,24.174,20.949,24.085,22.351,17.511,12.76,8.108,4.612,2.549,0.872,0.128,0.002,0.125,0,0,0,0,0,0,0,0,0,0,0,76,75
41,0.009061,584.717,0,0,0,0,0,0,0,0,0,0,0,0,0,0,0,0,0,0,0.079,2.335,5.142,7.431,8.928,9.834,10.459,9.261,9.775,10.947,11.165,11.745,13.206,15.194,13.897,14.502,15.609,15.32,17.033,16.729,15.781,14.508,13.032,14.342,14.23,15.99,17.272,20.121,23.638,27.136,27.711,28.642,29.068,28.806,25.858,21.836,15.543,7.978,3.528,0.899,0.149,0.058,0.001,0,0,0,0,0,0,0,0,0,0,0,0,82,63
42,0.009967,720.505,0,0,0,0,0,0,0,0,0,0,0,0,0,0,0,0,0,0,0.122,3.916,9.208,13.161,12.799,16.004,16.061,15.559,15.392,14.093,19.049,17.568,18.447,21.097,21.011,23.47,24.512,22.615,19.299,19.407,17.139,17.484,16.085,17.666,16.441,18.182,18.708,19.889,23.791,27.339,28.558,30.37,29.913,30.238,28.312,24.79,19.204,8.446,3.656,0.891,0.315,0.106,0.104,0.089,0,0,0,0,0,0,0,0,0,0,0,75,62
43,0.006693,670.276,0,0,0,0,0,0,0,0,0,0,0,0,0,0,0,0,0,0,0.077,3.695,8.971,12.329,16.805,17.794,17.704,17.375,17.223,19.285,21.572,20.182,21.942,23.791,23.789,24.324,22.141,21.881,19.332,19.399,16.347,15.609,14.7,15.363,15.006,16.687,17.341,19.562,21.993,25.85,25.575,25.087,22.247,22.35,18.913,13.902,8.307,4.11,1.148,0.273,0.128,0.126,0.042,0,0,0,0,0,0,0,0,0,0,0,0,63,62
44,0.006445,605.506,0,0,0,0,0,0,0,0,0,0,0,0,0,0,0,0,0,0,0.077,3.642,8.577,11.476,13.847,16.123,17.063,18.354,18.914,19.022,19.525,19.314,21.155,21.999,21.701,22.322,20.15,19.365,19.121,17.528,14.698,13.995,12.479,11.276,12.89,12.752,15.489,14.875,17.67,20.341,21.344,20.97,20.093,19.973,16.127,12.275,8.843,4.935,2.846,1.492,0.492,0.164,0.087,0.125,0,0,0,0,0,0,0,0,0,0,0,62,59
45,0.007809,653.655,0,0,0,0,0,0,0,0,0,0,0,0,0,0,0,0,0,0,0.264,3.159,9.334,11.577,13.872,16.254,17.369,16.352,17.274,17.011,19.1,20.638,20.793,21.272,23.323,23.451,22.184,22.548,20.073,19.042,15.071,15.221,14.07,13.66,13.987,16.097,16.785,16.827,19.247,23.296,23.504,23.739,23.618,24.784,18.828,15.909,9.808,6.449,4.262,2.198,0.724,0.43,0.161,0.088,0,0,0,0,0,0,0,0,0,0,0,62,59
46,0.010687,710.702,0,0,0,0,0,0,0,0,0,0,0,0,0,0,0,0,0,0,0.113,2.965,7.661,11.79,13.596,16.936,19.659,17.897,18.363,18.026,18.972,18.336,20.5,20.486,22.488,20.883,21.394,19.554,19.422,17.727,15.981,14.321,14.286,13.588,12.01,15.31,17.414,20.076,20.854,27.052,28.483,28.925,28.832,30.627,28.623,26.265,19.791,12.362,6.229,2.119,0.528,0.214,0.042,0,0,0,0,0,0,0,0,0,0,0,0,59,62
47,0.004859,534.911,0,0,0,0,0,0,0,0,0,0,0,0,0,0,0,0,0,0,0.121,4.439,9.923,14.958,17.419,23.614,24.4,23.036,22.099,22.231,21.214,19.763,19.279,20.89,20.88,17.41,16.443,16.247,12.778,12.6,11.21,9.115,8.987,7.905,9.22,9.636,10.107,9.939,11.114,13.456,13.448,14.147,12.899,13.774,12.465,11.192,7.451,4.895,2.755,1.075,0.24,0.056,0.079,0.005,0,0,0,0,0,0,0,0,0,0,0,59,61
48,0.005966,563.683,0,0,0,0,0,0,0,0,0,0,0,0,0,0,0,0,0,0,0.119,3.331,9.307,11.515,15.45,17.26,18.071,19.243,18.95,19.004,20.361,20.812,18.544,19.041,20.299,20.337,19.585,17.397,15.304,15.357,13.3,11.518,10.843,10.943,10.723,11.132,12.311,13.42,15.616,16.787,16.985,17.637,18.336,16.448,15.576,12.483,9.099,6.773,3.072,0.894,0.347,0.111,0.041,0,0,0,0,0,0,0,0,0,0,0,0,62,67
49,0.008859,559.115,0,0,0,0,0,0,0,0,0,0,0,0,0,0,0,0,0,0,0,2.489,6.313,7.969,8.734,12.347,11.219,11.225,10.022,9.505,13.307,12.839,12.474,12.555,14.93,14.113,13.72,15.076,14.118,13.351,13.476,13.083,13.114,13.81,14.195,16.117,16.321,17.731,21.145,23.892,25.929,26.912,23.911,27.12,24.391,21.328,16.023,7.927,3.605,1.883,0.456,0.243,0.153,0.042,0,0,0,0,0,0,0,0,0,0,0,61,65
50,0.010576,666.031,0,0,0,0,0,0,0,0,0,0,0,0,0,0,0,0,0,0,0.114,2.902,8.05,10.752,12.685,14.207,14.405,14.216,12.726,14.706,15.325,14.439,15.684,17.948,18.278,18.84,19.058,17.202,16.487,16.554,15.962,15.386,13.787,15.53,14.196,17.322,19.168,19.067,22.277,26.211,29.154,30.031,27.421,30.073,26.882,27.722,21.95,11.89,5.453,1.599,0.238,0.049,0.085,0,0,0,0,0,0,0,0,0,0,0,0,67,64
51,0.006439,555.466,0,0,0,0,0,0,0,0,0,0,0,0,0,0,0,0,0,0,0.114,2.382,7.498,8.53,10.296,12.014,13.287,12.301,13.142,13.061,13.773,14.337,15.539,15.973,15.707,16.555,15.864,17.588,16.211,16.14,15.169,14.487,13.525,14.592,14.675,15.387,16.891,19.627,22.183,23.53,24.744,24.754,20.506,18.866,16.743,13.63,9.278,4.081,1.707,0.649,0.043,0,0,0.043,0,0.042,0,0,0,0,0,0,0,0,0,65,65
52,0.007115,623.18,0,0,0,0,0,0,0,0,0,0,0,0,0,0,0,0,0,0,0.069,3,8.823,9.555,12.281,13.48,15.093,14.225,15.138,14.944,16.384,16.372,16.393,17.733,19.257,18.92,18.278,18.293,18.624,17.328,16.424,14.54,14.897,14.986,15.057,17.895,19.112,20.609,22.097,27.695,29.555,29.733,24.45,22.481,19.362,14.784,9.201,4.09,1.498,0.319,0.157,0.042,0,0,0,0,0,0,0,0,0,0,0,0,0,64,64
53,0.006486,642.262,0,0,0,0,0,0,0,0,0,0,0,0,0,0,0,0,0,0,0.068,3.828,9.459,13.993,18.281,19.462,20.196,19.454,20.905,20.507,21.38,20.096,22.44,23.566,23.164,23.133,22.077,17.309,18.498,15.667,14.089,14.588,11.466,12.062,11.513,14.71,15.287,16.943,17.949,22.241,23.159,25.228,21.125,20.106,18.343,12.896,9.74,4.447,2.09,0.608,0.13,0.058,0,0,0,0,0,0,0,0,0,0,0,0,0,65,60
54,0.007222,691.443,0,0,0,0,0,0,0,0,0,0,0,0,0,0,0,0,0,0,0.18,3.041,10.688,13.109,17.925,19.558,21.15,18.795,18.127,18.523,19.905,21.604,22.319,23.733,23.902,23.833,22.891,21.247,20.496,17.686,16.776,15.673,15.316,15.059,14.11,17.205,17.249,18.429,19.94,27.786,26.331,27.232,25.855,22.905,19.094,16.925,10.342,4.795,1.383,0.188,0.084,0.014,0.042,0,0,0,0,0,0,0,0,0,0,0,0,64,63
55,0.007119,742.234,0,0,0,0,0,0,0,0,0,0,0,0,0,0,0,0,0,0,0.121,5.019,11.733,16.998,20.138,22.997,23.922,25.04,24.687,25.789,26.398,26.98,25.55,28.209,28.504,26.187,26.513,23.191,20.987,19.668,17.444,16.504,13.958,14.012,13.939,15.98,17.681,17.306,19.027,23.098,22.343,22.436,22.159,22.428,19.145,15.383,11.759,5.731,2.54,0.421,0.154,0.089,0.023,0.011,0.031,0,0,0,0,0,0,0,0,0,0,60,67
56,0.009341,649.773,0,0,0,0,0,0,0,0,0,0,0,0,0,0,0,0,0,0,0.214,3.373,9.942,11.346,13.18,14.759,15.311,15.968,16.727,17.822,16.379,15.845,18.967,19.703,20.231,20.061,17.003,16.973,15.738,15.435,15.178,13.753,12.396,13.104,12.833,15.51,16.301,18.783,21.153,26.09,28.746,28.877,25.254,25.816,25.945,22.919,16.319,8.276,5.212,1.43,0.48,0.168,0.168,0.044,0,0,0.041,0,0,0,0,0,0,0,0,63,69
57,0.007422,617.256,0,0,0,0,0,0,0,0,0,0,0,0,0,0,0,0,0,0,0.068,3.502,8.178,12.297,13.729,17.989,16.105,16.772,16.436,16.536,19.657,18.574,19.035,18.7,19.194,19.575,18.255,18.311,15.612,16.053,14.54,12.986,12.797,12.625,13.124,14.89,15.33,17.245,20.572,23.415,25.055,25.863,22.969,22.187,19.878,16.167,12.846,6.404,2.921,0.777,0,0.042,0.042,0,0,0,0,0,0,0,0,0,0,0,0,67,68
58,0.007133,581.376,0,0,0,0,0,0,0,0,0,0,0,0,0,0,0,0,0,0,0.078,3.862,8.461,11.027,14.622,16.05,15.501,18.503,16.379,16.417,16.814,15.174,17.287,16.277,17.816,17.8,15.957,16.055,13.576,13.394,14.516,12.275,10.994,11.122,12.839,13.914,15.942,17.04,21.362,21.607,24.674,23.41,22.88,22.64,19.22,14.638,10.956,5.813,2.865,1.123,0.368,0.129,0,0,0,0,0,0,0,0,0,0,0,0,0,69,64
59,0.005588,643.325,0,0,0,0,0,0,0,0,0,0,0,0,0,0,0,0,0,0,0.179,3.891,13.044,17.121,19.75,24.544,25.667,27.158,25.845,26.707,25.611,25.74,23.842,26.21,24.351,21.062,20.275,18.319,16.419,15.612,12.149,10.744,10.038,10.025,10.074,12.095,12.926,14.645,16.63,17.43,20.495,18.543,18.401,18.064,14.325,9.33,7.484,4.889,2.4,0.786,0.417,0.045,0.001,0.011,0.031,0,0,0,0,0,0,0,0,0,0,68,88
60,0.005875,691.513,0,0,0,0,0,0,0,0,0,0,0,0,0,0,0,0,0,0,0.136,5.508,14.346,18.945,23.642,25.719,28.843,27.851,26.679,26.743,26.308,25.573,25.261,23.885,22.701,23.19,20.689,15.702,16.133,16.109,13.527,12.115,13.814,13.131,12.032,14.144,15.057,16.907,18.921,23.026,22.799,21.813,19.792,20.363,15.577,11.335,7.768,3.624,1.201,0.393,0.167,0.042,0.002,0,0,0,0,0,0,0,0,0,0,0,0,64,108
0,0,0,0.104,0.111,0.12,0.129,0.138,0.149,0.16,0.172,0.184,0.198,0.213,0.229,0.246,0.264,0.284,0.305,0.328,0.352,0.379,0.407,0.437,0.47,0.505,0.543,0.583,0.627,0.674,0.724,0.778,0.836,0.898,0.965,1.037,1.115,1.198,1.287,1.383,1.486,1.597,1.717,1.845,1.982,2.13,2.289,2.46,2.643,2.841,3.053,3.28,3.525,3.788,4.071,4.374,4.701,5.051,5.428,5.833,6.268,6.736,7.239,7.779,8.359,8.983,9.653,10.373,11.147,11.979,12.872,13.833,14.865,15.974,17.165,18.446,0,0
