Tiempo (min),LWC (g/m3),Cn(P/cm3),0.104,0.111,0.12,0.129,0.138,0.149,0.16,0.172,0.184,0.198,0.213,0.229,0.246,0.264,0.284,0.305,0.328,0.352,0.379,0.407,0.437,0.47,0.505,0.543,0.583,0.627,0.674,0.724,0.778,0.836,0.898,0.965,1.037,1.115,1.198,1.287,1.383,1.486,1.597,1.717,1.845,1.982,2.13,2.289,2.46,2.643,2.841,3.053,3.28,3.525,3.788,4.071,4.374,4.701,5.051,5.428,5.833,6.268,6.736,7.239,7.779,8.359,8.983,9.653,10.373,11.147,11.979,12.872,13.833,14.865,15.974,17.165,18.446,Visibilidad (m),Visibilidad corregida (m)
1,0.009983,233.146,0,0,0,0,0,0,0,0,0,0,0,0,0,0,0,0,0,0,0.067,0.976,3.542,5.566,7.948,8.938,7.277,7.603,6.113,5.516,4.932,5.006,3.687,3.528,2.978,2.661,2.219,2.421,1.996,2.544,1.46,1.769,1.629,2.635,2.431,2.699,3.02,4.043,5.038,6.751,6.89,7.046,8.507,8.637,10.501,10.986,11.073,13.762,13.103,9.709,7.045,4.931,2.516,0.816,0.248,0.253,0.091,0.04,0,0,0,0,0,0,0,NaN,80
2,0.012124,239.392,0,0,0,0,0,0,0,0,0,0,0,0,0,0,0,0,0,0,0.033,0.838,4.181,6.045,7.192,7.52,7.148,7.298,6.161,5.683,5.695,4.471,4.157,3.388,3.476,2.443,2.542,2.655,1.983,2.254,2.298,1.629,1.89,2.339,2.325,3.126,3.428,3.713,4.346,5.696,5.496,6.633,6.79,8.412,9.302,10.661,12.313,14.452,14.041,12.043,8.727,7.139,3.717,2.389,0.844,0.308,0.054,0.054,0.058,0.006,0,0,0,0,0,NaN,80
3,0.011176,213.866,0,0,0,0,0,0,0,0,0,0,0,0,0,0,0,0,0,0,0,0.795,3.751,4.594,6.589,5.08,5.867,5.299,4.399,4.016,3.835,2.688,2.763,1.558,1.887,1.723,1.365,1.036,1.315,1.649,1.721,1.732,2.027,2.096,2.089,2.194,2.324,3.43,3.845,4.347,5.331,5.864,7.595,8.133,10.351,12.712,15.567,16.96,17.212,11.161,8.64,4.52,2.14,1.08,0.546,0,0.04,0,0,0,0,0,0,0,0,NaN,80
4,0.010549,242.116,0,0,0,0,0,0,0,0,0,0,0,0,0,0,0,0,0,0,0.143,1.152,3.57,5.779,6.554,7.421,6.098,5.968,5.892,4.973,4.21,4.32,3.572,3.87,3.458,2.494,2.096,1.528,1.814,1.735,2.231,1.993,1.788,1.989,2.342,2.862,3.672,3.694,4.273,4.507,5.885,7.87,8.485,11.23,13.948,15.675,16.299,18.123,16.537,10.78,6.545,2.726,1.077,0.614,0.264,0.05,0.01,0,0,0,0,0,0,0,0,NaN,80
5,0.008246,279.817,0,0,0,0,0,0,0,0,0,0,0,0,0,0,0,0,0,0,0,1.326,4.736,8.208,9.344,10.199,11.418,7.972,8.483,8.204,7.544,6.077,5.633,5.62,5.121,5.159,4.058,3.801,4.357,3.541,3.763,4.01,3.683,3.266,4.171,4.144,4.818,5.901,6.917,7.221,6.353,9.916,9.552,9.906,11.066,11.869,12.849,12.678,10.885,7.306,4.602,2.31,1.017,0.485,0.249,0.07,0.01,0,0,0,0,0,0,0,0,NaN,80
6,0.007587,293.789,0,0,0,0,0,0,0,0,0,0,0,0,0,0,0,0,0,0,0.033,1.146,5.451,9.432,11.2,10.057,9.559,8.086,7.804,6.503,6.07,4.906,5.016,4.097,3.892,3.888,3.68,3.479,4.195,4.51,4.472,3.579,4.27,4.997,4.939,5.958,6.949,7.7,8.89,10.202,10.551,10.842,12.599,13.133,13.674,14.812,13.218,11.771,7.184,5.926,2.921,1.387,0.436,0.23,0.081,0.021,0.04,0,0,0,0,0,0,0,0,NaN,80
7,0.01088,296.13,0,0,0,0,0,0,0,0,0,0,0,0,0,0,0,0,0,0,0.042,1.632,4.005,7.605,8.525,8.285,8.289,6.697,5.234,5.341,4.739,5.053,3.956,3.732,3.368,3.506,3.344,2.586,2.824,3.495,3.231,3.343,3.068,3.762,4.032,4.669,5.404,6.563,6.765,8.588,9.773,9.832,12.512,13.745,17.599,18.737,18.682,19.556,15.825,9.479,5.457,2.008,0.858,0.119,0.163,0.061,0.002,0.039,0,0,0,0,0,0,0,NaN,80
8,0.008156,284.851,0,0,0,0,0,0,0,0,0,0,0,0,0,0,0,0,0,0,0,1.451,4.35,6.155,8.002,9.193,6.459,5.557,5.017,4.039,3.978,3.471,2.535,2.52,2.462,2.859,3.632,3.569,4.143,4.57,4.741,4.972,4.409,5.201,5.671,6.95,7.551,8.745,9.708,10.864,12.19,13.755,12.67,14.714,15.874,15.917,14.982,13.091,9.5,5.722,1.986,0.837,0.352,0.221,0.17,0.06,0.04,0,0,0,0,0,0,0,0,NaN,80
9,0.008925,299.548,0,0,0,0,0,0,0,0,0,0,0,0,0,0,0,0,0,0,0.033,0.829,3.456,5.869,7.042,6.776,5.119,4.522,3.835,3.178,3.351,2.379,2.188,2.48,2.131,2.633,3.145,2.958,4.099,5.054,4.083,4.568,4.489,4.818,6.131,7.393,8.131,8.789,11.178,13.081,13.764,16.661,16.571,19.776,20.345,21.833,16.509,12.901,8.017,6.281,2.149,0.767,0.185,0.008,0.042,0,0,0,0,0,0,0,0,0,0,NaN,100
10,0.01024,308.997,0,0,0,0,0,0,0,0,0,0,0,0,0,0,0,0,0,0,0,0.792,3.928,5.222,6.557,6.591,5.17,3.697,4.137,2.933,3.72,2.728,2.585,2.705,2.412,2.465,3.172,3.335,2.734,3.607,3.858,4.143,4.215,5.341,6.142,7.502,7.565,8.554,9.539,11.703,13.166,16.054,16.246,21.108,20.879,24.307,22.005,18.019,10.841,5.659,2.022,0.963,0.308,0.252,0,0.08,0,0,0.034,0.006,0,0,0,0,0,NaN,80
11,0.010978,331.008,0,0,0,0,0,0,0,0,0,0,0,0,0,0,0,0,0,0,0.085,0.524,2.053,2.787,4.75,3.682,3.192,2.6,2.279,2.343,1.3,1.959,1.473,1.736,2.695,2.317,2.659,3.59,4.206,4.647,5.416,6.277,5.828,6.061,6.551,8.094,9.709,11.981,12.605,15.786,15.771,18.658,21.639,22.058,27.418,24.046,24.119,19.128,10.298,5.555,2.046,0.749,0.249,0.007,0.021,0.061,0,0,0,0,0,0,0,0,0,NaN,80
12,0.010509,307.214,0,0,0,0,0,0,0,0,0,0,0,0,0,0,0,0,0,0,0,0.666,1.475,2.241,2.472,3.146,2.022,1.398,1.296,1.174,1.709,1.167,1.142,1.329,1.493,1.577,2.037,2.718,3.409,2.98,3.764,3.715,4.336,4.617,5.237,6.925,8.799,9.779,11.799,16.385,17.527,20.281,23.124,25.263,27.437,28.598,22.888,16.294,8.964,4.036,1.24,0.584,0.129,0.011,0.03,0,0,0,0,0,0,0,0,0,0,NaN,100
13,0.009325,317.648,0,0,0,0,0,0,0,0,0,0,0,0,0,0,0,0,0,0,0,0.923,2.715,5.093,6.525,6.012,4.979,4.747,4.354,3.591,3.201,2.416,3.252,2.395,3.264,3.344,3.237,4.143,4.276,5.071,6.091,5.819,6.571,6.437,6.474,7.301,8.741,10.361,10.901,13.063,15.607,16.964,17.831,18.712,20.791,22.866,17.453,14.83,8.714,5.036,2.528,0.55,0.293,0.105,0.03,0,0,0,0.034,0.006,0,0,0,0,0,NaN,80
14,0.005301,293.471,0,0,0,0,0,0,0,0,0,0,0,0,0,0,0,0,0,0,0.099,1.71,6.019,10.882,11.76,11.261,9.213,6.502,5.696,4.191,4.322,4.311,3.368,3.752,4.006,3.65,4.878,5.568,5.353,6.257,5.51,5.995,6.104,6.05,7.457,9.032,9.166,9.797,10.415,11.27,12.161,13.705,12.563,13.064,12.407,12.035,10.003,7.533,3.34,2.512,0.428,0.062,0.06,0.002,0,0,0,0,0,0,0,0,0,0,0,NaN,80
15,0.006088,306.353,0,0,0,0,0,0,0,0,0,0,0,0,0,0,0,0,0,0,0,2.339,7.927,12.528,13.933,12.438,11.734,8.208,6.15,5.208,4.055,4.635,3.721,2.736,3.566,3.613,3.905,3.85,4.154,4.977,4.642,4.535,4.049,5.614,5.798,7.184,7.254,8.619,8.553,12.094,12.966,13.437,15.028,15.86,17.857,15.76,13.104,8.452,3.33,1.843,0.386,0.186,0.044,0,0.061,0.019,0,0,0,0,0,0,0,0,0,NaN,80
16,0.003552,329.978,0,0,0,0,0,0,0,0,0,0,0,0,0,0,0,0,0,0,0.107,2.725,9.095,13.958,16.581,14.468,11.575,8.848,8.13,7.609,6.005,5.686,5.018,4.784,5.783,6.049,6.37,7.332,8.645,8.784,8.449,9.755,9.243,9.639,9.459,10.204,11.194,12.382,11.777,11.929,11.326,10.774,10.623,10.06,8.615,6.306,5.239,2.884,1.545,0.742,0.202,0.04,0.038,0.002,0,0,0,0,0,0,0,0,0,0,0,NaN,80
17,0.004239,327.664,0,0,0,0,0,0,0,0,0,0,0,0,0,0,0,0,0,0,0.183,2.109,8.931,14.79,16.574,14.82,11.588,9.184,7.868,6.84,5.203,3.828,4.242,3.603,4.071,4.807,4.729,6.073,5.811,8.025,7.619,7.605,7.871,8.263,7.63,10.054,10.887,11.522,11.692,13.817,15.05,14.251,13.01,12.159,11.412,8.804,6.749,3.387,1.398,0.767,0.34,0.032,0.022,0.04,0,0,0,0,0,0,0,0,0,0,0,NaN,80
18,0.004763,322.207,0,0,0,0,0,0,0,0,0,0,0,0,0,0,0,0,0,0,0.033,2.904,9.602,15.682,17.516,16.973,13.357,10.118,7.171,7.441,6.985,5.138,4.344,4.338,3.884,4.041,4.201,4.45,4.799,6.498,6.015,5.731,6.606,6.632,7.381,7.815,8.825,9.331,9.899,12.09,11.239,11.968,13.154,13.246,12.069,12.022,8.958,5.211,2.633,1.486,0.242,0.094,0.038,0.044,0,0,0,0,0,0,0,0,0,0,0,NaN,80
19,0.005769,327.612,0,0,0,0,0,0,0,0,0,0,0,0,0,0,0,0,0,0,0.117,2.86,9.975,17.709,18.618,16.966,13.951,11.332,8.043,6.123,6.213,4.343,3.608,3.327,3.376,3.543,3.695,3.74,3.858,4.658,4.706,4.995,5.169,5.346,6.127,6.383,8.164,9.466,10.205,12.853,12.085,11.944,14.584,14.836,15.786,15.265,9.872,7.281,3.809,1.535,0.723,0.216,0.044,0,0.021,0.05,0.01,0,0.04,0,0.04,0,0,0,0,NaN,80
20,0.008501,334.28,0,0,0,0,0,0,0,0,0,0,0,0,0,0,0,0,0,0,0.033,2.213,6.324,10.431,11.106,9.871,8.027,6.648,5.023,4.293,3.514,3.208,3.16,3.235,2.913,2.631,2.888,3.167,3.918,4.642,5.531,5.347,5.347,5.83,6.242,7.313,7.899,9.982,10.569,13.053,15.991,16.948,18.646,21.009,21.67,23.902,17.517,13.044,6.95,2.374,1.242,0.479,0.107,0.041,0.004,0,0,0,0,0,0,0,0,0,0,NaN,80
21,0.004656,277.274,0,0,0,0,0,0,0,0,0,0,0,0,0,0,0,0,0,0,0.108,2.482,11.258,15.374,17.62,13.609,11.566,8.184,6.82,5.659,4.734,4.442,3.089,3.397,2.855,3.723,4.128,4.25,4.628,4.926,4.659,5.026,5.031,4.833,6.09,7.206,7.447,7.178,8.101,10.061,9.317,9.28,9.322,10.261,9.899,10.251,8.388,5.663,3.576,1.498,0.583,0.329,0.141,0.094,0.03,0.04,0.04,0,0,0,0,0,0,0.055,0.023,NaN,80
22,0.007772,325.564,0,0,0,0,0,0,0,0,0,0,0,0,0,0,0,0,0,0,0.034,1.642,5.232,8.645,10.22,8.592,6.861,5.959,4.647,3.6,3.674,2.4,2.795,2.815,2.624,3.135,2.952,3.522,4.159,5.257,5.673,5.372,6.313,6.192,7.212,8.292,8.156,11.062,11.088,14.552,14.829,18.341,19.675,20.552,22.723,22.418,17.127,10.212,4.258,1.83,0.492,0.321,0.068,0.041,0,0,0,0,0,0,0,0,0,0,0,NaN,80
23,0.009043,373.657,0,0,0,0,0,0,0,0,0,0,0,0,0,0,0,0,0,0,0.068,1.952,5.377,9.268,11.465,8.99,7.927,6.724,4.628,3.799,2.905,3.363,2.652,2.602,3.436,3.451,4.231,4.399,5.288,5.752,7.041,7.287,6.891,7.208,7.707,10.211,11.66,11.893,12.912,17.322,19.247,19.807,20.908,25.297,25.989,23.347,19.975,11.863,5.849,1.727,0.728,0.135,0.086,0.168,0,0.041,0,0.041,0,0.019,0.022,0,0,0,0,NaN,80
24,0.007359,315.197,0,0,0,0,0,0,0,0,0,0,0,0,0,0,0,0,0,0,0.033,2.587,6.963,11.286,11.692,11.277,8.504,7.819,5.571,4.591,4.353,3.208,2.966,3.293,3.333,3.289,3.352,3.727,4.102,4.704,4.003,4.944,4.517,4.913,5.87,6.492,7.16,9.013,10.436,13.459,13.708,16.966,16.315,19.311,18.806,18.142,14.668,10.327,5.513,2.353,1.07,0.292,0.022,0.092,0.071,0.03,0.01,0,0,0,0,0,0.034,0.005,0,NaN,64
25,0.006301,250.826,0,0,0,0,0,0,0,0,0,0,0,0,0,0,0,0,0,0,0.043,2.093,5.276,10.342,10.925,10.037,7.68,5.656,5.045,4.14,3.386,3.802,2.62,2.203,2.659,2.684,3.401,3.204,2.985,3.848,3.588,3.882,4.227,3.894,4.234,5.451,6.164,6.741,7.21,8.183,9.4,10.112,11.965,12.664,12.272,13.565,12.976,10.662,6.43,3.092,1.248,0.509,0.043,0.041,0.041,0.041,0.081,0.041,0,0,0,0,0,0.04,0,NaN,64
26,0.005016,257.533,0,0,0,0,0,0,0,0,0,0,0,0,0,0,0,0,0,0,0,1.509,6.32,10.578,13.209,12.148,9.268,9.317,6.781,5.518,4.682,4.548,3.46,2.786,3.347,3.479,3.167,3.392,3.999,4.237,4.393,4.285,4.176,4.311,4.632,5.503,6.056,6.706,7.514,8.789,8.805,10.337,11.443,11.527,11.444,11.095,10.505,6.198,4.269,2.382,0.785,0.348,0.044,0.161,0.04,0,0,0,0,0.018,0.021,0,0,0,0,NaN,48
27,0.007056,285.484,0,0,0,0,0,0,0,0,0,0,0,0,0,0,0,0,0,0,0.067,1.117,5.241,8.246,11.77,10.757,8.018,5.684,5.861,4.681,3.697,3.434,2.983,2.538,2.613,3.147,2.724,4.187,3.631,2.792,3.347,4.143,4.482,3.867,4.772,5.638,6.6,6.417,8.223,11.435,11.159,13.936,15.765,17.809,20.701,19.433,16.446,10.539,4.699,1.676,0.39,0.325,0.324,0.069,0.06,0.041,0,0,0,0,0,0,0,0,0,NaN,48
28,0.005681,257.044,0,0,0,0,0,0,0,0,0,0,0,0,0,0,0,0,0,0,0.109,1.542,5.897,10.16,11.148,10.155,8.349,5.493,4.586,4.32,3.751,3.303,2.985,2.841,2.028,2.525,2.228,2.881,3.633,4.271,4.178,4.047,4.373,4.589,4.603,5.457,6.113,7.666,8.24,9.826,11.001,12.171,13.08,13.102,14.771,14.292,11.353,8.481,4.328,1.999,0.522,0.314,0.125,0.136,0.051,0.02,0,0,0,0,0,0,0,0,0,NaN,1000
29,0.006653,278.58,0,0,0,0,0,0,0,0,0,0,0,0,0,0,0,0,0,0,0.076,1.875,6.152,11.083,11.752,10.419,8.421,6.414,5.876,4.274,4.332,3.221,3.924,2.605,2.325,2.463,2.759,3.304,3.332,3.551,4.097,3.637,4.058,5.018,5.26,5.786,6.689,8.012,8.707,9.916,10.546,12.386,13.254,14.356,17.146,16.521,13.947,10.316,6.024,3.382,0.98,0.197,0.14,0.046,0,0,0,0,0,0,0,0,0,0,0,NaN,64
30,0.005423,253.899,0,0,0,0,0,0,0,0,0,0,0,0,0,0,0,0,0,0,0.067,2.033,7.656,10.29,13.069,11.448,8.43,6.911,5.378,5.205,3.53,3.311,3.222,2.415,2.228,3.027,2.86,3.071,3.394,3.931,4.021,4.405,3.761,4.104,4.761,5.641,5.87,6.456,7.388,8.631,10.149,10.328,11.175,10.579,13.453,13.188,11.69,8.786,4.48,2.136,0.782,0.492,0.067,0.041,0.021,0.02,0,0,0,0,0,0,0,0,0,NaN,64
31,0.005868,241.043,0,0,0,0,0,0,0,0,0,0,0,0,0,0,0,0,0,0,0,1.772,6.082,8.775,9.646,8.793,8.044,6.543,4.81,4.229,4.147,3.112,3.029,2.776,2.814,2.616,3.037,3.067,3.24,3.273,3.847,4.16,4.024,4.197,4.066,5.312,5.15,6.085,6.8,7.475,8.735,10.528,10.131,11.696,13.117,12.446,12.108,9.3,7.097,3.024,1.076,0.677,0.104,0.003,0.081,0,0,0,0,0,0,0,0,0,0,NaN,50
32,0.009189,247.188,0,0,0,0,0,0,0,0,0,0,0,0,0,0,0,0,0,0,0.077,0.777,2.11,3.61,3.885,3.714,3.282,2.37,2.314,1.934,2.024,2.047,1.627,1.412,1.472,1.842,2.046,2.109,2.031,2.473,2.949,2.921,2.857,2.555,3.561,4.502,5.208,5.197,6.392,10.071,10.399,13.331,16.181,19.145,20.009,22.67,21.423,16.591,10.44,5.27,1.74,0.535,0,0.011,0.031,0,0.002,0.04,0,0,0,0,0,0,0,NaN,80
33,0.011534,310.118,0,0,0,0,0,0,0,0,0,0,0,0,0,0,0,0,0,0,0,0.881,2.952,4.483,4.921,4.801,3.911,2.938,3.738,2.772,2.58,2.283,2.058,1.542,2.046,2.148,2.735,2.641,2.715,3.71,2.857,3.85,4.046,4.606,4.634,5.506,6.231,7.201,7.973,11.937,13.335,14.183,17.927,22.282,26,30.445,27.994,22.837,12.761,4.844,1.395,0.621,0.332,0.266,0.095,0.103,0.002,0,0,0,0,0,0,0,0,NaN,80
34,0.011966,275.47,0,0,0,0,0,0,0,0,0,0,0,0,0,0,0,0,0,0,0,0.672,1.469,2.532,2.867,3.356,2.181,1.955,1.615,1.327,1.13,1.202,1.512,0.593,0.644,0.707,0.863,1.579,1.356,1.926,2.002,1.615,1.853,2.129,2.886,3.592,4.449,5.246,6.918,8.124,10.833,15.038,17.301,23.583,30.041,34.094,34.379,23.141,11.517,4.426,1.714,0.711,0.301,0.014,0.032,0.003,0.002,0.04,0,0,0,0,0,0,0,NaN,80
35,0.009038,243.991,0,0,0,0,0,0,0,0,0,0,0,0,0,0,0,0,0,0,0,0.611,1.178,2.173,3.294,2.446,2.207,1.734,1.576,1.7,1.468,1.782,1.523,1.483,2.522,2.419,2.664,2.604,3.244,4.29,4.273,4.998,4.715,4.819,4.641,5.455,7.101,7.386,8.088,10.825,9.896,11.561,10.576,13.483,17.547,18.637,19.299,17.907,12.844,5.549,2.17,0.843,0.172,0.25,0,0.041,0,0,0,0,0,0,0,0,0,NaN,80
36,0.010235,238.299,0,0,0,0,0,0,0,0,0,0,0,0,0,0,0,0,0,0,0,0.608,1.79,2.363,3.063,2.444,1.493,1.099,1.739,1.219,1.154,1.17,1.148,1.077,1.295,1.387,1.922,2.159,2.271,3.368,2.567,2.57,3.083,3.891,3.776,4.375,4.992,6.738,6.638,8,9.103,9.836,12.692,16.727,17.693,21.058,24.588,21.676,15.254,6.994,2.372,0.549,0.193,0.053,0.053,0.06,0,0,0,0,0,0,0,0,0,NaN,90
37,0.012868,300.636,0,0,0,0,0,0,0,0,0,0,0,0,0,0,0,0,0,0,0,0.556,2.073,2.308,3.078,2.472,2.282,1.726,0.977,0.947,0.956,1.163,1.406,1.204,1.604,2.736,2.657,2.637,3.949,3.155,4.151,4.54,4.35,4.154,5.722,6.515,7.372,8.261,8.823,11.846,12.638,16.254,15.666,20.485,22.61,26.433,26.326,23.678,16.324,9.634,3.76,1.803,0.768,0.358,0.135,0.062,0.002,0.055,0.025,0,0,0,0,0,0,NaN,64
38,0.010847,263.541,0,0,0,0,0,0,0,0,0,0,0,0,0,0,0,0,0,0,0.034,0.509,2.762,2.897,3.698,3.693,2.118,1.401,1.674,1.466,0.978,1.25,0.987,1.32,1.361,1.436,1.503,2.302,2.393,2.818,3.67,3.306,3.172,4.267,4.315,5.869,6.652,6.639,8.661,10.188,11.547,13.092,15.137,19.816,20.447,22.684,20.394,19.596,13.64,7.854,3.558,1.455,0.674,0.16,0.102,0.043,0.001,0,0,0,0,0,0,0,0,NaN,64
39,0.008155,229.383,0,0,0,0,0,0,0,0,0,0,0,0,0,0,0,0,0,0,0.085,1.025,2.755,4.267,4.553,3.933,4.151,2.582,1.958,2.349,1.35,1.599,1.43,1.22,1.463,1.392,2.166,2.526,2.948,2.865,3.441,3.739,4.221,3.886,4.704,5.129,5.278,5.803,6.765,8.264,9.063,10.122,11.929,14.346,16.661,18.963,18.068,14.362,10.851,4.171,1.893,0.756,0.108,0.092,0.072,0.001,0,0,0,0.04,0.04,0,0,0,0,NaN,64
40,0.013341,339.534,0,0,0,0,0,0,0,0,0,0,0,0,0,0,0,0,0,0,0.035,0.453,1.32,2.713,2.657,1.919,1.698,1.258,1.152,1.198,1.002,0.953,1.203,1.15,1.42,1.929,2.27,2.228,2.423,3.156,3.509,3.651,3.908,4.571,4.815,5.932,6.818,9.126,10.662,13.673,15.453,20.096,24.579,29.796,34.62,37.296,35.465,25.694,11.574,3.947,1.255,0.567,0.172,0.104,0.053,0.051,0.011,0,0,0,0,0,0,0,0,NaN,64
41,0.010932,288.197,0,0,0,0,0,0,0,0,0,0,0,0,0,0,0,0,0,0,0,0.564,0.966,1.966,2.615,2.194,1.518,1.003,0.83,1.233,0.985,0.813,1.099,0.898,1.554,0.878,1.798,1.568,1.588,2.223,2.372,2.336,2.537,2.743,3.511,4.706,6.02,7.253,8.159,11.208,14.549,18.473,22.542,29.437,32.591,36.489,30.047,16.761,6.763,2.179,0.834,0.226,0.047,0.041,0,0.031,0.01,0.016,0.025,0,0,0,0,0,0,NaN,64
42,0.007899,209.563,0,0,0,0,0,0,0,0,0,0,0,0,0,0,0,0,0,0,0,0.518,0.915,2.47,2.415,2.376,1.705,1.18,1.3,0.861,1.131,0.785,1.084,1.083,1.127,1.495,1.66,2.208,2.152,2.858,2.627,3.047,2.262,2.235,3.274,4.699,5.395,5.292,6.592,8.134,10.333,11.793,13.452,14.67,18.063,21.29,18.22,14.699,8.353,3.863,1.113,0.474,0.191,0.137,0.033,0,0,0,0,0,0,0,0,0,0,NaN,64
43,0.013346,317.806,0,0,0,0,0,0,0,0,0,0,0,0,0,0,0,0,0,0,0,0.435,0.826,2.045,2.556,1.837,1.631,1.32,1.02,0.921,1.004,0.862,0.677,1.123,0.767,1.006,1.051,1.321,1.669,2.485,1.998,2.457,2.262,2.489,3.53,4.465,5.3,5.805,7.861,11.672,14.533,19.499,23.83,30.16,37.205,41.953,37.511,23.946,11.417,3.388,1.298,0.448,0.051,0.173,0,0,0,0,0,0,0,0,0,0,0,NaN,64
44,0.008805,209.627,0,0,0,0,0,0,0,0,0,0,0,0,0,0,0,0,0,0,0.034,0.552,1.947,2.283,2.338,2.149,1.206,1.077,0.76,0.822,0.71,0.744,0.86,0.7,0.768,0.784,1.319,1.115,1.239,2.204,2.103,2.641,2.344,2.486,2.692,2.789,3.473,4.527,4.847,6.785,8.594,10.616,13.235,16.075,21.947,26.025,23.228,16.469,9.516,3.589,1.125,0.603,0.226,0.083,0,0,0,0,0,0,0,0,0,0,0,NaN,64
45,0.011063,304.342,0,0,0,0,0,0,0,0,0,0,0,0,0,0,0,0,0,0,0,0.89,1.78,1.875,2.966,2.21,1.178,1.766,1.678,1.272,0.869,0.96,0.9,1.846,1.403,1.535,2.301,2.149,2.54,3.149,3.782,3.222,3.552,4.696,5.337,6.67,7.723,8.806,9.555,12.679,15.069,19.7,21.878,27.622,29.527,31.308,27.246,17.876,8.96,3.518,1.711,0.273,0.233,0.092,0,0.042,0,0,0,0,0,0,0,0,0,NaN,64
0,0,0,0.104,0.111,0.12,0.129,0.138,0.149,0.16,0.172,0.184,0.198,0.213,0.229,0.246,0.264,0.284,0.305,0.328,0.352,0.379,0.407,0.437,0.47,0.505,0.543,0.583,0.627,0.674,0.724,0.778,0.836,0.898,0.965,1.037,1.115,1.198,1.287,1.383,1.486,1.597,1.717,1.845,1.982,2.13,2.289,2.46,2.643,2.841,3.053,3.28,3.525,3.788,4.071,4.374,4.701,5.051,5.428,5.833,6.268,6.736,7.239,7.779,8.359,8.983,9.653,10.373,11.147,11.979,12.872,13.833,14.865,15.974,17.165,18.446,0,0