Tiempo (min),LWC (g/m3),Cn(P/cm3),0.104,0.111,0.12,0.129,0.138,0.149,0.16,0.172,0.184,0.198,0.213,0.229,0.246,0.264,0.284,0.305,0.328,0.352,0.379,0.407,0.437,0.47,0.505,0.543,0.583,0.627,0.674,0.724,0.778,0.836,0.898,0.965,1.037,1.115,1.198,1.287,1.383,1.486,1.597,1.717,1.845,1.982,2.13,2.289,2.46,2.643,2.841,3.053,3.28,3.525,3.788,4.071,4.374,4.701,5.051,5.428,5.833,6.268,6.736,7.239,7.779,8.359,8.983,9.653,10.373,11.147,11.979,12.872,13.833,14.865,15.974,17.165,18.446,Visibilidad (m),Visibilidad corregida (m)
1,0.000648,7.114,0,0,0,0,0,0,0,0,0,0,0,0,0,0,0,0,0,0,0.0417773,0.00354801,0.163523,0.0111039,0.123965,0.157187,0.0417397,0.112026,0.0548903,0.0617434,0.0633806,0.125072,0.125045,0,0.138103,0.153429,0.0435685,0.135706,0.157876,0.166986,0.0385965,0.0122125,0.12344,0.101726,0.212767,0.172919,0.146009,0.216385,0.185954,0.145697,0.0818745,0.237013,0.192353,0.338519,0.392835,0.182791,0.308409,0.204225,0.326153,0.18989,0.0947267,0.280071,0.278931,0.149208,0.281432,0.159366,0.0601607,0.119387,0,0,0,0,0,0,0,53,53
2,0.000629,6.893,0,0,0,0,0,0,0,0,0,0,0,0,0,0,0,0,0,0,0,0,0.0186924,0.155042,0.0868549,0.0497098,0.167363,0.0868005,0.0229991,0.127996,0.173198,0.109548,0.0866974,0.142202,0.08811,0.131442,0.0754441,0.139131,0.116647,0.0965042,0.164748,0.154961,0.126212,0.125966,0.129084,0.0899197,0.205039,0.202421,0.26451,0.112898,0.237638,0.153063,0.273821,0.229543,0.102154,0.257006,0.179918,0.33095,0.155099,0.155597,0.211191,0.234902,0.171874,0.147456,0.188941,0.144157,0.0641527,0.180069,0.0252895,0,0,0,0,0,0,53,52
3,0.000262,5.598,0,0,0,0,0,0,0,0,0,0,0,0,0,0,0,0,0,0,0,0.0457747,0.285823,0.270153,0.115299,0.090439,0.114088,0.177107,0.261753,0.0933262,0.230245,0.101662,0.0268895,0.126247,0,0.0420545,0.0840711,0.0259049,0.239232,0.204689,0.19082,0.0777215,0.0908689,0.106069,0.143224,0.0957716,0.184693,0.132725,0.0725472,0.14536,0.0426189,0.0453728,0.174923,0.0899034,0.216508,0.214224,0.18116,0.0824788,0.137083,0.123494,0.123035,0.0868274,0.101307,0.0432074,0.0405908,0.0302318,0.050506,0,0.0339947,0.00601456,0,0,0,0,0,53,51
4,0.00067,13.327,0,0,0,0,0,0,0,0,0,0,0,0,0,0,0,0,0,0,0,0.214309,0.0929648,0.178687,0.334406,0.293379,0.260373,0.368503,0.250313,0.0730217,0.0420788,0.171782,0.218033,0.283011,0.0420301,0.0567303,0.1611,0.508873,0.159272,0.171261,0.214871,0.203744,0.339862,0.143435,0.250427,0.382166,0.335333,0.339936,0.578165,0.324895,0.692804,0.445225,0.587764,0.624269,0.484527,0.606304,0.684848,0.761967,0.32737,0.139315,0.247243,0.101071,0.0629762,0.10235,0.142743,0.119888,0.0434034,0.119506,0.0339606,0.00600852,0,0,0,0,0,52,51
5,0.000987,18.472,0,0,0,0,0,0,0,0,0,0,0,0,0,0,0,0,0,0,0,0.1309,0.237,0.6153,0.5849,0.5577,0.7098,0.3488,0.3647,0.294,0.371,0.2287,0.3722,0.3489,0.3634,0.2489,0.2063,0.1966,0.2864,0.2609,0.1916,0.4037,0.2558,0.2203,0.3519,0.4029,0.3439,0.3861,0.4912,0.483,0.5211,0.6714,0.7702,0.5142,0.566,1.0296,0.8442,0.6673,0.7184,0.3122,0.1981,0.1603,0.184,0.2823,0.336,0.1156,0.2023,0.1217,0,0,0,0,0,0,0,51,52
6,0.000842,10.92,0,0,0,0,0,0,0,0,0,0,0,0,0,0,0,0,0,0,0,0.129815,0.426637,0.504886,0.343336,0.474193,0.553436,0.538226,0.166211,0.213908,0.345304,0.285495,0.310206,0.216391,0.333044,0.304148,0.172274,0.196963,0.193324,0.152288,0.108288,0.0919423,0.0303477,0.0145476,0.0918323,0.0895618,0.0816147,0.212883,0.215678,0.187633,0.291961,0.38229,0.237886,0.404869,0.187791,0.350381,0.12541,0.192905,0.0971638,0.112373,0.168262,0.200948,0.0227849,0.15765,0.178941,0.297682,0.20155,0.176319,0.101156,0.0471427,0,0,0,0,0,51,51
7,0.000363,6.814,0,0,0,0,0,0,0,0,0,0,0,0,0,0,0,0,0,0,0,0.0478587,0.166538,0.206002,0.197028,0.359082,0.224334,0.210038,0,0.132148,0.261911,0.178462,0.275916,0.120208,0.217569,0.178275,0.221843,0.0993755,0.0742995,0.043898,0.113128,0.0752391,0.0640774,0.0671128,0.131046,0.207643,0.223269,0.141889,0.226115,0.226708,0.13219,0.126855,0.10304,0.0940058,0.337427,0.19975,0.19247,0.0854163,0.186373,0.100489,0.0857915,0.0570461,0.0400134,0.00263079,0.084886,0.0423309,0.129732,0.0809583,0.0418994,0,0,0,0,0,0,52,50
8,0.000338,5.144,0,0,0,0,0,0,0,0,0,0,0,0,0,0,0,0,0,0,0,0.121083,0.138431,0.103688,0.242059,0.201685,0.120988,0.148567,0.184649,0.129592,0.141834,0.0805669,0.120818,0,0.0931814,0.122119,0.0261268,0.0402028,0.0527323,0.170095,0.0181912,0.103841,0.0869328,0.00976802,0.0513657,0.18998,0.0843289,0.0820953,0.0834837,0.209768,0.158214,0.058989,0.160921,0.205101,0.247793,0.179617,0.00553214,0.112902,0.0394136,0.144167,0.117718,0.0521608,0.0781133,0,0.136605,0.163787,0.0868837,0.0149002,0.0234943,0,0,0,0,0,0,51,48
9,0.000676,5.813,0,0,0,0,0,0,0,0,0,0,0,0,0,0,0,0,0,0,0.0338533,0.0516181,0.250425,0.230927,0.330372,0.262438,0.164626,0.128081,0.128047,0.105846,0.022176,0.0426495,0.139365,0.0738169,0,0.0851941,0.00397004,0.136857,0.0294354,0,0.0245805,0.0603937,0.064207,0.0692347,0.0362817,0.0320985,0.0588055,0.0382125,0.235487,0.219621,0.125949,0.158184,0.276961,0.0822159,0.230382,0.105316,0.00585749,0.232323,0.181486,0.0416163,0.124595,0.124367,0.0387626,0.127574,0.18595,0.356229,0.158274,0.117642,0.0405897,0.040465,0,0,0,0,0,50,47
10,0.000104,5.097,0,0,0,0,0,0,0,0,0,0,0,0,0,0,0,0,0,0,0,0.127214,0.315034,0.363292,0.0947232,0.371466,0.433628,0.201903,0.138292,0.115811,0.12701,0.0576154,0.0383829,0.115544,0.0266682,0.100159,0.126763,0.0130187,0.0714206,0.084394,0.0243904,0.0425691,0.0913338,0.0584369,0.107956,0.159962,0.0799782,0.158474,0.0877101,0.183246,0.225,0.158972,0.132088,0.0670148,0.0580232,0.108761,0.14052,0.0289685,0.0145313,0.0412945,0.0412405,0.0411465,0.0794968,0.00252885,0,0.0406907,0,0,0,0,0,0,0,0,0,48,46
11,0.00084,7.385,0,0,0,0,0,0,0,0,0,0,0,0,0,0,0,0,0,0,0,0.0841508,0.135007,0.195122,0.361843,0.284565,0.149634,0.0955155,0.186688,0.0596588,0.120608,0.142067,0.0805494,0.0402564,0.0804931,0.0804655,0.0841834,0.12926,0.112347,0.0359893,0.0633598,0.0169185,0.0303203,0.0556211,0.0342664,0.0606312,0.0761244,0.246286,0.187695,0.245121,0.232806,0.321325,0.224537,0.0878741,0.269048,0.127916,0.230849,0.249701,0.233693,0.314741,0.22236,0.19231,0.118171,0.120579,0.273394,0.181083,0.279991,0.0831511,0.135527,0.0115081,0,0,0,0,0,47,45
12,0.000541,8.785,0,0,0,0,0,0,0,0,0,0,0,0,0,0,0,0,0,0,0,0,0.331069,0.515433,0.277721,0.56851,0.33918,0.256059,0.484981,0.29795,0.245265,0.0234191,0.133389,0.056959,0.193273,0.105249,0.177604,0.0717506,0.283218,0.13719,0.154449,0.0186797,0,0.057011,0.0955165,0.0600262,0.199924,0.156834,0.292497,0.349359,0.385309,0.211539,0.228665,0.226452,0.209524,0.168125,0.0564744,0.155119,0.187161,0,0.0310556,0.203175,0.153937,0.196888,0.0636513,0.117457,0.100865,0.139125,0.0618478,0.00635302,0,0,0,0,0,46,47
13,0.000362,10.347,0,0,0,0,0,0,0,0,0,0,0,0,0,0,0,0,0,0,0,0.134063,0.188817,0.514217,0.563364,0.473852,0.413492,0.553632,0.0823,0.292274,0.216932,0.18917,0.157781,0.173402,0.243994,0.117828,0.287939,0.132016,0.220834,0.105645,0.0945765,0.247773,0.185038,0.158943,0.167839,0.171915,0.313668,0.250807,0.210456,0.380027,0.428247,0.447449,0.194069,0.272712,0.2806,0.249215,0.134238,0.231483,0.251496,0.0707537,0.0281726,0.136722,0.0851845,0.00259169,0.0634623,0.0618099,0.0431093,0.122679,0,0,0,0,0,0,0,45,48
14,0.001321,16.061,0,0,0,0,0,0,0,0,0,0,0,0,0,0,0,0,0,0,0,0.136962,0.375465,0.818002,0.623533,0.442615,0.67572,0.559773,0.377248,0.395456,0.343237,0.366298,0.180015,0.271868,0.19264,0.3181,0.361314,0.409857,0.193045,0.171547,0.149754,0.116645,0.12768,0.105221,0.330054,0.390895,0.178052,0.441269,0.312495,0.26241,0.39272,0.339628,0.367126,0.437139,0.530483,0.524139,0.514454,0.525885,0.42976,0.295199,0.336043,0.270475,0.105845,0.127747,0.126194,0.288219,0.211872,0.20796,0.261981,0.0593927,0.081393,0,0,0,0,47,49
15,0.002699,15.12,0,0,0,0,0,0,0,0,0,0,0,0,0,0,0,0,0,0,0,0.125045,0.125022,0.147162,0.311149,0.16662,0.275598,0.140859,0.135925,0.113837,0.186142,0.146706,0.0831768,0.0117028,0.0298665,0.0561038,0.157385,0.160277,0.137448,0.158935,0.275323,0.337566,0.18163,0.243558,0.371503,0.400034,0.413708,0.31154,0.431527,0.35964,0.257275,0.408856,0.673189,0.382618,0.634632,0.503116,0.52993,0.376394,0.484804,0.596293,0.729327,0.279408,0.240508,0.277569,0.312005,0.50691,0.360099,0.527814,0.56968,0.317743,0.0784569,0.0781685,0,0,0,48,50
16,0.000202,10.402,0,0,0,0,0,0,0,0,0,0,0,0,0,0,0,0,0,0,0,0.260669,0.19245,0.450282,0.31277,0.316513,0.51853,0.453562,0.340443,0.27898,0.37025,0.169725,0.246601,0.185534,0.161099,0.21875,0.391429,0.209082,0.176503,0.116095,0.220134,0.260399,0.280725,0.0995733,0.165968,0.220447,0.308141,0.212523,0.397884,0.411013,0.413431,0.42152,0.134167,0.163248,0.326173,0.176974,0.229062,0.186802,0.110319,0.0846679,0.0422218,0,0.0420408,0.0419521,0.0417996,0,0.00158423,0.0398655,0,0,0,0,0,0,0,49,50
17,0.000403,14.703,0,0,0,0,0,0,0,0,0,0,0,0,0,0,0,0,0,0,0,0.128167,0.231951,0.602261,0.765999,0.681625,0.664449,0.357181,0.240275,0.127978,0.424236,0.0778418,0.162595,0.232812,0.396834,0.17184,0.244451,0.346357,0.424281,0.385722,0.182593,0.250221,0.24769,0.237912,0.308234,0.217489,0.289683,0.393339,0.400901,0.516421,0.700924,0.580725,0.546151,0.524872,0.341183,0.616607,0.44029,0.453702,0.222207,0.208284,0.0692279,0.0414537,0,0.0518487,0.0716133,0,0.0423781,0.0549725,0.024868,0,0,0,0,0,0,50,50
18,0.000283,10.569,0,0,0,0,0,0,0,0,0,0,0,0,0,0,0,0,0,0,0,0.0918158,0.434107,0.331465,0.379355,0.509778,0.309811,0.298764,0.15133,0.240658,0.295129,0.144196,0.207178,0.157501,0.139883,0.170199,0.111712,0.15242,0.268925,0.111186,0.238741,0.137751,0.0911386,0.0405532,0.269372,0.374328,0.260651,0.198401,0.294389,0.51027,0.253537,0.455273,0.420658,0.422226,0.437426,0.537334,0.265793,0.284987,0.119923,0.164855,0.123398,0,0,0.0513546,0.0302196,0.0406037,0,0.0403107,0,0,0,0,0,0,0,50,50
19,0.000214,6.331,0,0,0,0,0,0,0,0,0,0,0,0,0,0,0,0,0,0,0,0.0839382,0.209817,0.220951,0.366422,0.503343,0.235563,0.157311,0.0683728,0.249808,0.147192,0.357179,0.0949999,0.20987,0.113779,0.0418367,0.0855897,0.0816611,0.125356,0,0.0658856,0.108393,0.212325,0.137861,0.178138,0.14221,0.119481,0.0623418,0.117538,0.106626,0.230044,0.17057,0.101931,0.14307,0.138879,0.234269,0.180203,0.110743,0.053318,0.0408715,0.0408181,0.0814162,0.0786825,0.00250295,0,0,0.00153045,0.0784953,0.0338186,0.00598341,0,0,0,0,0,50,50
20,0.002599,18.946,0,0,0,0,0,0,0,0,0,0,0,0,0,0,0,0,0,0,0,0.2165,0.3651,0.296,0.322,0.4889,0.1998,0.2762,0.1412,0.1615,0.1274,0.2773,0.0276,0.0986,0.0742,0.0864,0.0452,0.3265,0.2798,0.176,0.2571,0.3402,0.2126,0.2398,0.2022,0.2689,0.5217,0.4423,0.5396,0.3364,0.4872,0.7701,0.5683,0.5228,0.8073,1.1414,1.2696,0.8472,0.714,0.8465,0.4667,0.1899,0.4235,0.1764,0.2409,0.2399,0.5361,0.4525,0.5469,0.2482,0.0222,0.0406,0.0404,0,0,50,50
21,0.000126,6.129,0,0,0,0,0,0,0,0,0,0,0,0,0,0,0,0,0,0,0,0.122693,0.181167,0.227724,0.213996,0.212525,0.416113,0.219931,0.103346,0.264237,0.223482,0.173445,0.133753,0.156826,0.128697,0,0,0.162937,0.130628,0.280236,0.101068,0.0697536,0.0286824,0.0987843,0.121515,0.0539286,0.119155,0.222499,0.10774,0.243624,0.0352074,0.198268,0.185757,0.216083,0.155922,0.165577,0.21565,0.107894,0.0918115,0.079654,0.0530252,0.0264054,0.0370961,0.0126285,0.029208,0,0,0,0,0,0,0,0,0,0,50,50
22,0.000583,6.164,0,0,0,0,0,0,0,0,0,0,0,0,0,0,0,0,0,0,0,0.122673,0.280497,0.0874573,0.0817479,0.122602,0.0408563,0.0408533,0.204215,0.0816693,0.141796,0.117859,0.066865,0,0.012858,0.06867,0.205625,0.0388359,0.0449427,0.103216,0.125848,0.185316,0.0286775,0.139363,0.13884,0.138552,0.156632,0.0589971,0.0682931,0.176703,0.267077,0.177349,0.0973991,0.246119,0.170706,0.336206,0.129109,0.135045,0.156897,0.252452,0.225306,0.105756,0.0370897,0.170568,0.150028,0.114918,0.118818,0.0764762,0.116514,0,0,0,0,0,0,50,48
23,0.000443,5.465,0,0,0,0,0,0,0,0,0,0,0,0,0,0,0,0,0,0,0,0.0429442,0.128811,0.108692,0.191805,0.134969,0.122518,0.085804,0.128677,0.042885,0.0857391,0.0154841,0.0273707,0,0.0135037,0.132069,0.0705931,0.0559594,0.0767785,0.038292,0.134828,0.121377,0.0967811,0.0861187,0.109353,0.0809981,0.204253,0.247838,0.207964,0.185576,0.439837,0.154112,0.142633,0.0915123,0.116511,0.153329,0.187326,0.110409,0.361705,0.0699419,0.0974127,0.0693962,0,0.0935385,0.114774,0.0397401,0.0425989,0.0394054,0.116179,0.0467225,0,0,0,0,0,50,48
24,0.000333,6.904,0,0,0,0,0,0,0,0,0,0,0,0,0,0,0,0,0,0,0.0363183,0.0553775,0.294767,0.301121,0.25065,0.161762,0.21151,0.171841,0.132621,0.192981,0.0237907,0.137275,0,0.0128724,0.078564,0.0479856,0.093485,0.0435429,0.182573,0.145417,0.207365,0.118909,0.169918,0.141983,0.116719,0.105797,0.0462842,0.138832,0.280044,0.119139,0.0898583,0.214914,0.389726,0.248617,0.173669,0.186736,0.290027,0.267898,0.253145,0.193986,0.252597,0.0592869,0,0.0442195,0.0228399,0.0980599,0.0548851,0.0436762,0,0,0,0,0,0,0,48,48
25,0.000254,5.55,0,0,0,0,0,0,0,0,0,0,0,0,0,0,0,0,0,0,0,0.0153175,0.229492,0.082734,0.213351,0.463639,0.257254,0.315294,0,0.156689,0.158423,0.044999,0.11412,0.110783,0.0141773,0.181349,0.0762088,0.205219,0.196756,0.0448653,0.122642,0.141057,0.196468,0.0904147,0.115764,0.086318,0.195717,0.0397277,0.0458015,0.0808904,0.232639,0.0744726,0.147617,0.0886884,0.0885994,0.142848,0.210587,0.176328,0.0439825,0.0754016,0.0146059,0,0.0408951,0.0139218,0.0321992,0,0,0.0429515,0.115481,0.0128552,0,0,0,0,0,48,47
26,7.8e-05,8.042,0,0,0,0,0,0,0,0,0,0,0,0,0,0,0,0,0,0,0,0.155046,0.332285,0.404825,0.451189,0.782236,0.356586,0.567952,0.233829,0.207681,0.386596,0.279289,0.188332,0.0534373,0.151827,0.157336,0.308974,0.134684,0.276995,0,0.243391,0.182847,0.152718,0.142706,0.0438482,0.252751,0.16443,0.0626368,0.0933022,0.0927986,0.113896,0.136332,0.17404,0.129273,0.224032,0,0.108262,0.144592,0.0504424,0,0.0335034,0.0668321,0,0,0,0,0,0,0,0,0,0,0,0,0,48,48
27,0.000698,11.545,0,0,0,0,0,0,0,0,0,0,0,0,0,0,0,0,0,0,0,0.130933,0.269272,0.131595,0.33676,0.331706,0.421733,0.472117,0.419521,0.326141,0.36071,0.164689,0.176824,0.412557,0.213048,0.339936,0.154349,0.0130303,0.0758817,0.276071,0.166228,0.198955,0.125416,0.115087,0.054014,0.231653,0.279087,0.13533,0.322706,0.183408,0.342883,0.239307,0.482079,0.401751,0.617793,0.409792,0.168347,0.336922,0.261384,0.207162,0.165035,0.137216,0.0795674,0.248194,0.145101,0.160467,0.142173,0.0561013,0.0992162,0.00605069,0,0,0,0,0,47,49
28,0.000514,7.755,0,0,0,0,0,0,0,0,0,0,0,0,0,0,0,0,0,0,0,0.16664,0.309508,0.254116,0.310983,0.374713,0.176251,0.533385,0.249659,0.124801,0.0831832,0.139759,0.109687,0.177922,0.222216,0.222985,0.0868913,0.174904,0.0330115,0.20297,0.0828722,0.11936,0.150242,0.0674926,0.0530415,0.148806,0.151379,0.251274,0.36173,0.250585,0.0863128,0.169276,0.0890627,0.197513,0.150074,0.14354,0.0873071,0.226477,0.174885,0.0405691,0.0944999,0.107678,0.0781004,0.0426655,0.0400818,0.0399759,0.0444213,0.224815,0.0880687,0.0179763,0.0213486,0,0,0,0,48,50
29,0.000451,11.04,0,0,0,0,0,0,0,0,0,0,0,0,0,0,0,0,0,0,0,0.0498222,0.363427,0.413184,0.583156,0.708639,0.462967,0.602582,0.787146,0.272862,0.250629,0.327122,0.377307,0.275431,0.0817087,0.138891,0.233051,0.238547,0.0411475,0.218988,0.0913514,0.158424,0.299022,0.149125,0.177329,0.23551,0.162752,0.37039,0.191363,0.241949,0.400888,0.282384,0.114598,0.0882112,0.337785,0.0958281,0.245249,0.131605,0.0595264,0.149328,0.0595059,0.0445227,0,0.0114414,0.055674,0.153446,0.133439,0.10284,0.0267313,0.0434829,0,0,0,0,0,49,50
30,0.000369,7.419,0,0,0,0,0,0,0,0,0,0,0,0,0,0,0,0,0,0,0,0.0901257,0.212433,0.195839,0.452301,0.351858,0.33929,0.36141,0.297749,0.268278,0.192758,0.162888,0.282333,0.271408,0.161751,0.262251,0.198069,0.026542,0.111544,0.163117,0.135715,0.036239,0.0649452,0.168246,0.165108,0.0752186,0.0924437,0.0642076,0.0599614,0.227171,0.179117,0.0631763,0.129763,0.135919,0.223725,0.277169,0.0482772,0.0786628,0.112085,0.140778,0.0840183,0.01911,0.0227608,0.0323091,0.114148,0.050976,0.0517481,0.0823597,0,0.0818605,0,0,0,0,0,50,50
31,0.001757,10.439,0,0,0,0,0,0,0,0,0,0,0,0,0,0,0,0,0,0,0,0.0853439,0.255998,0.213295,0.639803,0.29852,0.233156,0.321085,0.139161,0.242684,0.0644566,0.0531975,0.150977,0.0311435,0.0268363,0.185859,0.00198209,0.083032,0.0424862,0.0889051,0.112098,0.0786116,0.0919096,0.198126,0.126786,0.152422,0.191422,0.221041,0.129409,0.328946,0.302612,0.275845,0.239385,0.149405,0.352808,0.152426,0.320302,0.380497,0.288615,0.4713,0.139709,0.222873,0.266108,0.131251,0.291772,0.50667,0.110906,0.388852,0.370379,0.18587,0.10225,0,0,0,0,50,49
32,0.000497,10.23,0,0,0,0,0,0,0,0,0,0,0,0,0,0,0,0,0,0,0,0.217329,0.37502,0.156864,0.562764,0.18967,0.27641,0.229838,0.224757,0.179904,0.150182,0.158791,0.193866,0.0858288,0.156178,0.145049,0.0702537,0.183405,0.201767,0.10832,0.195962,0.0504506,0.0620817,0.127947,0.181429,0.128409,0.2459,0.294187,0.292628,0.255841,0.318033,0.33875,0.53634,0.328327,0.885693,0.189094,0.36617,0.371413,0.176574,0.0973333,0.138455,0.120665,0.246619,0.128815,0.0212922,0.142813,0.0439553,0.0784369,0,0,0,0,0,0,0,50,48
33,0.000454,10.563,0,0,0,0,0,0,0,0,0,0,0,0,0,0,0,0,0,0,0.0416365,0.0832619,0.101166,0.367739,0.600857,0.363243,0.615661,0.255149,0.236651,0.328456,0.187576,0.327752,0.214996,0.208737,0.350273,0.197212,0.429009,0.133326,0.198766,0.169173,0.116465,0,0.0625505,0.191867,0.37107,0.243217,0.157044,0.311177,0.103727,0.284467,0.237642,0.349757,0.457698,0.262837,0.219555,0.327701,0.0872496,0.323868,0.239852,0.24331,0.10791,0.0134399,0,0.0823642,0,0.109733,0.0529341,0.107143,0.082015,0.00593525,0,0,0,0,0,49,48
34,0.000517,9.029,0,0,0,0,0,0,0,0,0,0,0,0,0,0,0,0,0,0,0,0.288515,0.275884,0.331363,0.272898,0.570589,0.671792,0.412305,0.229044,0.222848,0.262905,0.205377,0.0406351,0.0114337,0.123202,0.190173,0.0443641,0.0773523,0.162167,0.0848435,0.124058,0.127004,0.212109,0.117065,0.138269,0.107395,0.168761,0.221546,0.176294,0.209279,0.251721,0.266615,0.0951183,0.10453,0.274258,0.165865,0.217554,0.144485,0.250463,0.0793129,0.171554,0.202353,0.208597,0.0984143,0.0885501,0.136072,0.0779341,0.0150336,0.0623828,0.0385594,0,0,0,0,0,48,48
35,0.000959,10.268,0,0,0,0,0,0,0,0,0,0,0,0,0,0,0,0,0,0,0,0.0904038,0.159557,0.333213,0.301287,0.246081,0.26944,0.294153,0.149003,0.133767,0.0829095,0.161663,0.162421,0.155078,0.0415448,0.0830684,0.00387047,0.187721,0.181833,0.0641313,0.149585,0.224948,0.121035,0.1208,0.176812,0.188459,0.171127,0.25423,0.323244,0.361295,0.404236,0.231688,0.431396,0.205941,0.27779,0.445271,0.131548,0.453074,0.655542,0.286931,0.216051,0.20834,0.165858,0.183983,0.142533,0.166676,0.196107,0.209453,0.0242522,0,0,0,0,0,0.0385193,48,48
36,0.000513,11.489,0,0,0,0,0,0,0,0,0,0,0,0,0,0,0,0,0,0,0,0.252846,0.517889,0.378108,0.471944,0.792648,0.334535,0.439972,0.445348,0.241347,0.294495,0.19864,0.179867,0.107729,0.14217,0.283765,0.268575,0.2338,0.267823,0.194604,0.18929,0.114181,0.246954,0.113038,0.178843,0.190624,0.16755,0.173228,0.234193,0.399242,0.186717,0.262401,0.360881,0.231856,0.42681,0.218276,0.246731,0.308616,0.176283,0.301692,0.0546232,0.0917567,0.0851589,0.132485,0.0706421,0.0301981,0.211692,0,0,0,0,0,0.0393119,0,0,48,50
37,0.00061,9.256,0,0,0,0,0,0,0,0,0,0,0,0,0,0,0,0,0,0,0,0.0466589,0.0578555,0.454449,0.139055,0.247798,0.155438,0.131788,0.0678974,0.031567,0.192069,0.123951,0.199055,0.0120752,0.157158,0.173807,0.0877134,0.126512,0.171266,0,0.135027,0.146703,0.157248,0.330541,0.328567,0.162236,0.25153,0.237005,0.353292,0.112331,0.442583,0.425691,0.33401,0.431131,0.319884,0.290899,0.262205,0.30813,0.206931,0.0979419,0.21327,0.264167,0.0806267,0.283789,0.216279,0.113356,0.133793,0,0.0408483,0,0,0,0,0,0,48,50
38,0.001393,13.921,0,0,0,0,0,0,0,0,0,0,0,0,0,0,0,0,0,0,0,0.0453559,0.408637,0.351305,0.384608,0.5296,0.270366,0.336946,0.255159,0.340892,0.146625,0.0636941,0.166854,0.178554,0.155032,0.0416739,0.00388383,0.201198,0.344774,0.138909,0.132565,0.243249,0.121453,0.176777,0.230674,0.228186,0.173527,0.324603,0.458356,0.468752,0.448336,0.527332,0.427109,0.426483,0.161461,0.292333,0.468965,0.491595,0.650344,0.489289,0.474195,0.297317,0.116297,0.348592,0.242867,0.278417,0.386229,0.279406,0.186111,0.00596013,0,0,0,0,0,50,50
39,0.001319,15.705,0,0,0,0,0,0,0,0,0,0,0,0,0,0,0,0,0,0,0,0.00359461,0.353143,0.373835,0.812382,0.499952,0.368352,0.480679,0.398458,0.387352,0.2952,0.340173,0.222467,0.25385,0.0725274,0.141348,0.161771,0.297054,0.163119,0.102883,0.0623867,0.206284,0.15263,0.219173,0.271219,0.279033,0.45742,0.405395,0.498554,0.582045,0.412077,0.275589,0.313299,0.435647,0.490859,0.740882,0.452937,0.622914,0.500719,0.220689,0.123407,0.432029,0.196946,0.296473,0.214185,0.476066,0.162917,0.314178,0.120592,0.0400738,0,0,0,0,0,50,51
40,0.000331,11.791,0,0,0,0,0,0,0,0,0,0,0,0,0,0,0,0,0,0,0,0.348112,0.328748,0.519819,0.56559,0.623739,0.421612,0.363488,0.520817,0.328733,0.173347,0.280464,0.226337,0.117326,0.171739,0.128758,0.173614,0.110212,0.205751,0.352397,0.321874,0.159458,0.155279,0.246908,0.14617,0.194761,0.304806,0.16091,0.338431,0.1496,0.305338,0.405708,0.42123,0.381642,0.372521,0.466676,0.261928,0.273247,0.138682,0.195671,0.0837043,0.0937481,0.0843966,0.00256772,0,0.0826321,0.00157005,0.0805266,0,0,0,0,0,0,0,50,52
41,0.000627,10.576,0,0,0,0,0,0,0,0,0,0,0,0,0,0,0,0,0,0,0,0.124896,0.350925,0.523156,0.249682,0.22611,0.439522,0.126992,0.260378,0.258393,0.165969,0.188087,0.124617,0.0947376,0.237392,0.166004,0.0848963,0.230969,0.236092,0.111368,0.209033,0.270655,0.120946,0.114746,0.123675,0.164693,0.37721,0.204816,0.178117,0.395074,0.584945,0.285692,0.228827,0.177436,0.390455,0.189475,0.423344,0.166753,0.119446,0.365543,0.323788,0.179816,0.0999708,0.173568,0.13201,0.167523,0.0513582,0.0932331,0.0637768,0,0,0,0,0,0,51,52
42,0.000485,10.627,0,0,0,0,0,0,0,0,0,0,0,0,0,0,0,0,0,0,0,0.146119,0.56657,0.599633,0.349865,0.275021,0.401264,0.533953,0.147517,0.345177,0.17644,0.174662,0.130967,0.255063,0.238697,0.175978,0.246296,0.0435797,0.318506,0.118227,0.207032,0.156966,0.162153,0.197736,0.167139,0.18914,0.202879,0.266974,0.184958,0.452234,0.450873,0.406796,0.254584,0.196217,0.209811,0.220078,0.0653469,0.165173,0.213491,0.0873954,0.0850702,0.12729,0.0793695,0.111466,0.168477,0.187634,0.0840932,0.0416802,0.0415552,0,0,0,0,0,0,52,51
43,0.000418,8.113,0,0,0,0,0,0,0,0,0,0,0,0,0,0,0,0,0,0,0,0.0947977,0.361771,0.258047,0.355932,0.238462,0.187876,0.338845,0.307199,0.10413,0.0637922,0.209814,0.0838991,0.125804,0.0838536,0.182325,0.0291682,0.12368,0.20927,0.14839,0.102583,0.108167,0.0589711,0.0718581,0.232868,0.230666,0.163156,0.255375,0.174959,0.257776,0.210407,0.223806,0.22439,0.319497,0.357945,0.195566,0.160924,0.146327,0.272005,0.0957456,0.149907,0.0864931,0.0221376,0.102098,0.101942,0.0389064,0.16393,0.0771574,0,0,0,0,0,0,0,52,50
44,0.000359,7.067,0,0,0,0,0,0,0,0,0,0,0,0,0,0,0,0,0,0,0,0.0816456,0.0816367,0.326495,0.355192,0.21606,0.172719,0.290975,0.199644,0.131073,0.182043,0.0429083,0.122203,0.185805,0.139917,0.0692139,0.134212,0.0125334,0.113635,0.121457,0.124367,0.0867402,0.0592985,0.108486,0.190568,0.177168,0.0365561,0.224973,0.219734,0.210986,0.206887,0.31724,0.254263,0.104669,0.216252,0.226853,0.218114,0.104959,0.17079,0.199419,0.119081,0.0576276,0.058525,0.130777,0.068433,0.0783477,0.0390641,0.030142,0.0475272,0,0,0,0,0,0,51,49
45,0.000692,6.621,0,0,0,0,0,0,0,0,0,0,0,0,0,0,0,0,0,0,0,0.0884822,0.0884735,0.0559906,0.219749,0.210699,0.248322,0.105326,0.0558974,0.0766536,0.0418251,0.223128,0.0118481,0.0888397,0.164049,0.0882115,0,0.0576462,0.0304739,0.0240758,0.0453883,0.0444144,0.128529,0.134618,0.206552,0.108557,0.0666988,0.153824,0.221675,0.302303,0.163529,0.130652,0.110407,0.190605,0.175384,0.206882,0.466495,0.173009,0.0573494,0.2444,0.216514,0.129433,0.165886,0.198162,0.170369,0.224115,0.0155307,0.238755,0.0515074,0,0,0,0,0,0,50,48
46,0.000911,8.142,0,0,0,0,0,0,0,0,0,0,0,0,0,0,0,0,0,0,0,0.0815177,0.122266,0.203743,0.263591,0.10898,0.182146,0.219193,0.0922115,0.0901655,0.162496,0.062099,0.20335,0.0521045,0.082671,0.0420579,0.107613,0.0531136,0.0728811,0.117466,0.104527,0.0695187,0.0592056,0.102476,0.121083,0.130626,0.198009,0.200523,0.157082,0.247542,0.346112,0.260328,0.388402,0.233002,0.238245,0.251092,0.429903,0.294842,0.249033,0.22539,0.132057,0.0706956,0.139167,0.111644,0.305111,0.124899,0.212069,0.30981,0.0711792,0.0385948,0,0,0,0,0,49,47
47,0.000988,8.637,0,0,0,0,0,0,0,0,0,0,0,0,0,0,0,0,0,0,0,0.0427805,0.140775,0.212784,0.222533,0.287545,0.250302,0.128223,0.108115,0.232001,0.170268,0.0758188,0.225279,0.140032,0.201303,0.0852927,0.127874,0.0852233,0.047022,0.127284,0.136996,0.114261,0.0321392,0.11982,0.163437,0.056414,0.143337,0.112313,0.298972,0.217379,0.329161,0.311893,0.204695,0.242938,0.258627,0.288303,0.137994,0.332834,0.148693,0.278211,0.278633,0.227136,0.144132,0.127716,0.288329,0.111301,0.139393,0.260963,0.0996148,0.0809577,0.0402652,0,0,0,0,48,46
48,0.001076,10.261,0,0,0,0,0,0,0,0,0,0,0,0,0,0,0,0,0,0,0,0.0826653,0.218655,0.288214,0.319528,0.259799,0.369403,0.307638,0.14782,0.215252,0.227753,0.138659,0.150058,0.0528292,0.15326,0.0824004,0.0450192,0.160838,0.0865726,0.0779843,0,0.236842,0.204971,0.144948,0.140315,0.157468,0.166061,0.287406,0.355698,0.432027,0.372674,0.340338,0.315229,0.167471,0.416177,0.258767,0.217084,0.302724,0.186827,0.120961,0.227737,0.156828,0.195992,0.256975,0.150232,0.18685,0.647025,0.129038,0.0240593,0.0781528,0,0,0,0,0,47,45
49,0.001685,16.062,0,0,0,0,0,0,0,0,0,0,0,0,0,0,0,0,0,0,0,0.0859191,0.319147,0.456655,0.467001,0.836989,0.51654,0.42703,0.693409,0.576119,0.128077,0.37624,0.26908,0.0977599,0.172792,0.172784,0.249809,0.261957,0.164468,0.209294,0.319159,0.163301,0.0946686,0.0819048,0.200529,0.347756,0.248654,0.266984,0.378603,0.628415,0.44515,0.323892,0.250019,0.271584,0.507879,0.42988,0.355703,0.249123,0.25163,0.278919,0.264545,0.284266,0.456785,0.311369,0.533516,0.764359,0.353977,0.436611,0.0408011,0.0406134,0,0,0,0,0,46,44
50,0.002348,13.852,0,0,0,0,0,0,0,0,0,0,0,0,0,0,0,0,0,0,0,0.170777,0.32504,0.278825,0.312093,0.513486,0.238546,0.279182,0.0549326,0.0834948,0.12522,0.253854,0.205078,0.0417048,0.0965224,0.111875,0.249935,0.0961208,0.0704212,0.0832046,0.148794,0.101251,0.0956851,0.249861,0.141928,0.157708,0.16197,0.158021,0.2105,0.180663,0.355608,0.22255,0.26822,0.560556,0.210687,0.43098,0.44585,0.436864,0.478403,0.299061,0.474195,0.43383,0.490774,0.617341,0.819511,0.754044,0.729577,0.380525,0.122067,0.0850112,0.0130842,0.0262043,0,0,0,45,45
51,0.000392,9.171,0,0,0,0,0,0,0,0,0,0,0,0,0,0,0,0,0,0,0,0.0426222,0.395967,0.308545,0.275584,0.416369,0.398699,0.381875,0.318311,0.35546,0.408177,0.405274,0.224056,0.158655,0.0693057,0.100678,0.127419,0.182907,0.163206,0.122838,0.176219,0.103026,0.0918066,0.11327,0.18089,0.224821,0.154884,0.257091,0.195472,0.22029,0.12234,0.174736,0.265452,0.11824,0.176079,0.152188,0.311199,0.251174,0.0791995,0.221411,0.151889,0.0413595,0.0773242,0.0568148,0.174704,0.0606235,0.123855,0.0391121,0,0,0,0,0,0,0,44,46
52,0.00092,7.647,0,0,0,0,0,0,0,0,0,0,0,0,0,0,0,0,0,0,0,0.0862233,0.0616559,0.306077,0.418147,0.513159,0.381458,0.287908,0.271961,0.172207,0.0860812,0.0860555,0.140605,0.031465,0.142523,0.15834,0.0859162,0.013236,0.0726127,0,0.0247976,0.0180717,0,0.00617691,0.0731801,0.0813162,0.18715,0.0622027,0.206003,0.185052,0.169623,0.0883687,0.0938147,0.125217,0.316063,0.107302,0.295528,0.143189,0.20748,0.0981814,0.0419149,0.156785,0.268196,0.0426368,0.385678,0.277175,0.507676,0.137619,0.0250958,0,0,0,0,0,0,45,47
53,0.000911,8.428,0,0,0,0,0,0,0,0,0,0,0,0,0,0,0,0,0,0,0,0.0874823,0.182306,0.275586,0.251645,0.137948,0.155564,0.16767,0.209547,0.103921,0.125381,0.0639297,0.0837329,0.0954889,0.155594,0.0418261,0.0836145,0.0417893,0.0878946,0.102002,0.174784,0.106742,0.0609482,0.0161666,0.0356234,0.0630322,0.221263,0.313623,0.292122,0.180104,0.322222,0.260007,0.382464,0.311453,0.300293,0.465273,0.0373673,0.228088,0.246059,0.259241,0.244746,0.122032,0.118752,0.117355,0.273721,0.198907,0.421514,0.0973616,0.0642779,0.0397308,0,0,0,0,0,46,47
54,0.001011,10.695,0,0,0,0,0,0,0,0,0,0,0,0,0,0,0,0,0,0,0,0.0977598,0.503122,0.332492,0.723871,0.435689,0.387488,0.409326,0.414891,0.118415,0.127558,0.177542,0,0.141917,0.174395,0.174391,0.159687,0.140855,0.0775158,0.0386598,0.086247,0.0684482,0.0933834,0.207515,0.165629,0.0897356,0.16167,0.125109,0.120283,0.229752,0.267126,0.221007,0.402189,0.235083,0.249454,0.134053,0.186193,0.258439,0.178454,0.282407,0.21077,0.455089,0.256507,0.254978,0.313795,0.278199,0.284976,0.217965,0.0252377,0,0,0,0,0,0,47,47
55,0.000483,6.274,0,0,0,0,0,0,0,0,0,0,0,0,0,0,0,0,0,0,0,0.00377192,0.237353,0.137699,0.25316,0.211492,0.0717567,0.224816,0.102714,0.0443463,0.133009,0.0320252,0.145232,0.0567629,0.0761086,0.148312,0.0309596,0.0442293,0.0580213,0.162989,0.0255436,0.106905,0.0333614,0.105289,0.0753817,0.217187,0.253871,0.230041,0.105456,0.0765057,0.213599,0.120589,0.248239,0.333378,0.18234,0.0871029,0.260927,0.0737482,0.0848806,0.216711,0.172747,0.139786,0.0467675,0.216408,0.19414,0.0641902,0.129062,0.0850949,0,0,0,0,0,0,0,47,46
56,0.000335,5.868,0,0,0,0,0,0,0,0,0,0,0,0,0,0,0,0,0,0,0,0.0420952,0.0181124,0.214696,0.145941,0.126217,0.110084,0.352555,0,0.294262,0.143749,0.0815486,0.152842,0.0839819,0.0419739,0.098627,0.153099,0.0807047,0.133257,0.0833535,0.0621605,0.0717993,0.0611479,0.105838,0.0714801,0.0316193,0.146868,0.146364,0.181141,0.146267,0.243427,0.172575,0.100318,0.269661,0.201858,0.170452,0.142425,0.21929,0.106875,0.179749,0.151464,0.0787491,0.123253,0.0837164,0.0614745,0.0900399,0.0503963,0.015541,0.0245047,0,0,0,0,0,0,47,45
57,0.000581,8.053,0,0,0,0,0,0,0,0,0,0,0,0,0,0,0,0,0,0,0,0.314935,0.231384,0.45509,0.386694,0.262556,0.30448,0.194007,0.306173,0.208418,0.155898,0.0714443,0.190038,0.342814,0.0886508,0,0.132883,0.0579186,0.123725,0.10806,0.159597,0.152281,0.0973019,0.099339,0.0584584,0.242621,0.166043,0.25654,0.252935,0.0765786,0.138148,0.247195,0.0579882,0.0437204,0.0649711,0.0659334,0.177198,0.257767,0.0433638,0.0721485,0.345712,0.0967506,0.173162,0.013726,0.204341,0.275463,0.193184,0.0852538,0,0,0,0,0,0,0,46,44
58,0.001916,11.673,0,0,0,0,0,0,0,0,0,0,0,0,0,0,0,0,0,0,0,0.169621,0.127197,0.180842,0.285428,0.218032,0.25801,0.103803,0.140428,0.0846861,0.127002,0.0423257,0.09598,0.157845,0.0978987,0.0289428,0.170972,0.0532925,0.0714279,0,0.084354,0.0669458,0.155044,0.103264,0.197994,0.119616,0.0960288,0.144446,0.0659334,0.366492,0.344617,0.332808,0.195284,0.344901,0.190286,0.327381,0.350247,0.531433,0.616245,0.399926,0.401927,0.507037,0.537646,0.514434,0.910015,0.606532,0.47028,0.17427,0.0246837,0,0,0.0395807,0.0397721,0,0,45,45
59,0.001481,30.73,0,0,0,0,0,0,0,0,0,0,0,0,0,0,0,0,0,0,0.0436,0.3998,0.9208,0.8939,1.006,1.4749,1.7418,1.2715,1.2401,0.8994,0.9794,0.8872,0.7417,0.3953,0.5566,0.5153,0.4293,0.5534,0.5287,0.268,0.6404,0.2911,0.3816,0.3673,0.4441,0.4767,0.4563,0.6889,0.6564,0.564,0.485,0.9207,1.0462,0.607,0.4846,0.7226,0.8759,0.8926,0.3807,0.723,0.2133,0.434,0.2958,0.5226,0.6617,0.2601,0.3673,0.1231,0,0,0,0,0,0,0,44,45
60,0.000738,14.278,0,0,0,0,0,0,0,0,0,0,0,0,0,0,0,0,0,0,0,0.0928527,0.267868,0.45489,0.669039,0.947911,0.778903,0.612897,0.292472,0.433126,0.410077,0.058136,0.283467,0.225446,0.244019,0.20053,0.14465,0.363281,0.287397,0.273486,0.365137,0.0967707,0.124315,0.120066,0.12712,0.265705,0.38207,0.196364,0.179502,0.299808,0.153027,0.148225,0.199044,0.403436,0.467907,0.341085,0.42678,0.426271,0.512068,0.236602,0.360562,0.328311,0.404773,0.281916,0.14493,0.11286,0.0533058,0.0800326,0,0,0,0,0,0,0,45,45
0,0,0,0.104,0.111,0.12,0.129,0.138,0.149,0.16,0.172,0.184,0.198,0.213,0.229,0.246,0.264,0.284,0.305,0.328,0.352,0.379,0.407,0.437,0.47,0.505,0.543,0.583,0.627,0.674,0.724,0.778,0.836,0.898,0.965,1.037,1.115,1.198,1.287,1.383,1.486,1.597,1.717,1.845,1.982,2.13,2.289,2.46,2.643,2.841,3.053,3.28,3.525,3.788,4.071,4.374,4.701,5.051,5.428,5.833,6.268,6.736,7.239,7.779,8.359,8.983,9.653,10.373,11.147,11.979,12.872,13.833,14.865,15.974,17.165,18.446,0,0