Tiempo (min),LWC (g/m3),Cn(P/cm3),0.104,0.111,0.12,0.129,0.138,0.149,0.16,0.172,0.184,0.198,0.213,0.229,0.246,0.264,0.284,0.305,0.328,0.352,0.379,0.407,0.437,0.47,0.505,0.543,0.583,0.627,0.674,0.724,0.778,0.836,0.898,0.965,1.037,1.115,1.198,1.287,1.383,1.486,1.597,1.717,1.845,1.982,2.13,2.289,2.46,2.643,2.841,3.053,3.28,3.525,3.788,4.071,4.374,4.701,5.051,5.428,5.833,6.268,6.736,7.239,7.779,8.359,8.983,9.653,10.373,11.147,11.979,12.872,13.833,14.865,15.974,17.165,18.446,Visibilidad (m),Visibilidad corregida (m)
1,0.015844,145.039,0,0,0,0,0,0,0,0,0,0,0,0,0,0,0,0,0,0,0,0.514,1.183,1.537,1.48,1.681,2.109,2.422,1.877,1.979,2.047,1.371,1.55,1.651,1.26,1.398,1.312,0.894,1.043,1.135,0.872,0.784,1.011,0.838,0.975,1.375,1.624,1.413,1.756,1.264,2.165,2.915,3.429,4.306,4.718,6.337,6.642,8.788,9.671,10.653,10.138,10.407,9.97,8.414,4.406,1.291,0.355,0.038,0.04,0,0,0,0,0,0,40,38
2,0.010705,142.967,0,0,0,0,0,0,0,0,0,0,0,0,0,0,0,0,0,0,0,0.7292,1.6391,2.2062,2.5596,2.6028,2.9049,3.7553,3.1425,2.9643,3.0093,2.381,3.1706,3.1401,2.9019,2.8191,3.1451,2.5862,2.4089,1.9543,2.1674,1.9958,1.7835,1.8322,1.7499,1.3889,1.734,1.4066,1.9221,2.4102,2.8577,3.1834,3.0798,3.8645,3.6132,4.3455,5.5076,6.1572,6.6493,6.6815,6.1895,6.5073,6.084,4.8391,3.5135,1.2111,0.1526,0.0382,0.0396,0.0199,0.0213,0,0,0,0,38,39
3,0.006484,92.385,0,0,0,0,0,0,0,0,0,0,0,0,0,0,0,0,0,0,0,0.4379,1.1703,1.2332,1.0935,1.4463,1.3757,1.7718,1.0669,1.2471,1.0458,0.8729,1.3468,1.1412,1.2108,1.2074,0.966,0.7468,1.3282,1.0982,1.2018,0.6108,0.8852,0.9483,0.8574,0.9177,0.8705,1.338,1.8092,2.9987,2.3492,2.8012,4.243,3.7125,4.8593,4.9475,4.5122,5.6776,4.5541,5.3161,4.6286,3.1815,3.4827,2.3333,1.0213,0.4401,0.0807,0,0,0,0,0,0,0,0,38,39
4,0.018455,161.814,0,0,0,0,0,0,0,0,0,0,0,0,0,0,0,0,0,0,0,0.834,1.104,1.695,2.622,2.54,2.816,2.689,2.953,1.913,1.57,2.056,1.974,1.431,1.448,1.36,1.285,1.336,1.373,1.373,1.103,0.903,1.168,1.029,1.336,1.356,1.458,1.636,2.01,2.531,2.758,3.263,3.114,4.66,5.409,5.974,7.789,8.502,9.632,10.147,11.26,10.994,9.475,9.63,6.395,2.713,0.648,0.343,0.089,0.02,0.099,0,0,0,0,39,39
5,0.009889,105.632,0,0,0,0,0,0,0,0,0,0,0,0,0,0,0,0,0,0,0,0.5491,1.6494,1.1173,1.8788,1.7549,1.7871,1.5386,1.7584,1.2318,1.2624,1.1202,1.6486,1.4048,0.8012,0.905,1.2111,0.8854,0.9755,0.9672,1.1514,0.9098,0.7938,0.7096,0.6661,0.8871,1.4318,1.287,1.4832,1.8459,1.7579,2.0919,2.0393,2.8843,4.2539,4.5765,5.9823,5.8632,6.9325,6.5156,6.9087,6.4921,5.2866,5.0286,2.2438,0.9402,0.2196,0.002,0,0,0,0,0,0,0,39,40
6,0.016108,156.412,0,0,0,0,0,0,0,0,0,0,0,0,0,0,0,0,0,0,0,0.583,1.324,1.376,1.874,2.197,2.326,2.778,2.528,1.798,1.864,1.774,2.173,1.731,1.232,1.017,1.429,1.137,0.817,1.102,0.96,0.94,1.057,1.041,1.251,1.038,1.11,1.68,2.329,2.389,2.317,2.774,4.377,4.888,5.733,7.418,8.116,9.244,9.87,10.528,11.043,12.076,10.677,7.426,3.623,1.095,0.187,0.081,0,0.083,0,0,0,0,0,39,41
7,0.01176,148.304,0,0,0,0,0,0,0,0,0,0,0,0,0,0,0,0,0,0,0,0.372,1.786,2.123,2.658,2.689,2.046,2.917,3.279,2.262,2.108,2.007,2.134,1.979,1.883,2.41,1.966,2.059,1.713,1.865,1.244,1.025,1.254,1.253,1.084,1.135,1.338,1.794,1.955,2.356,3.166,3.402,3.854,4.509,5.194,5.993,7.537,8.413,9.741,10.202,9.858,9.592,6.462,3.368,1.604,0.444,0.142,0.087,0,0,0.043,0,0,0,0,40,41
8,0.007168,102.574,0,0,0,0,0,0,0,0,0,0,0,0,0,0,0,0,0,0,0,0.6021,1.6671,1.589,1.6606,1.7292,2.1765,1.522,1.7019,1.2824,1.2477,1.6967,1.8963,1.9297,1.9999,2.3712,1.3123,1.4257,1.2206,0.7819,0.96,1.3149,1.1499,0.7385,1.2705,1.168,1.1668,0.9722,1.4973,2.198,2.2952,2.3607,3.632,3.1074,3.6899,4.6711,4.8114,6.2196,6.3938,5.1339,5.9785,4.3286,3.9003,2.1093,1.2614,0.2944,0.0461,0.0178,0.028,0.0208,0.0247,0,0,0,0,41,41
9,0.01237,138.283,0,0,0,0,0,0,0,0,0,0,0,0,0,0,0,0,0,0,0,0.408,1.1671,1.7244,1.8982,1.8665,1.8676,1.4588,1.4477,1.5517,1.9381,1.4247,1.8819,1.7219,1.8389,1.1233,1.4923,1.5594,1.3994,1.29,0.8734,0.7825,1.1901,1.1567,0.9729,1.2305,1.3592,1.7713,2.0418,2.324,2.8,3.9664,4.136,4.9895,5.6054,5.2208,7.84,8.6872,9.1257,9.5603,9.343,9.3491,7.0351,5.2285,1.7536,0.5434,0.1703,0.0824,0.0837,0,0,0,0,0,0,41,41
10,0.011064,249.255,0,0,0,0,0,0,0,0,0,0,0,0,0,0,0,0,0,0,0,1.444,3.1,4.173,4.908,5.761,6.175,5.82,5.954,5.816,6.211,5.973,6.818,5.309,5.87,6.109,5.427,5.076,4.792,4.147,3.581,3.324,3.089,3.206,2.681,3.229,3.836,3.969,4.588,5.286,5.681,7.041,7.481,7.972,9.029,9.98,11.164,11.168,11.44,10.226,7.91,6.394,4.332,2.786,0.769,0.2,0.011,0,0,0,0,0,0,0,0,41,45
11,0.013053,162.526,0,0,0,0,0,0,0,0,0,0,0,0,0,0,0,0,0,0,0,0.747,1.728,2.338,2.782,2.1,2.582,3.406,2.943,2.885,3.185,2.622,2.551,2.769,2.795,3.27,2.76,2.561,2.529,2.217,2.326,1.623,1.362,1.642,1.587,1.9,1.693,1.748,1.614,2.025,2.927,3.21,3.603,4.726,5.544,5.454,6.374,7.608,8.609,10.232,10.475,10.464,8.906,5.474,1.982,0.559,0.086,0.002,0.002,0,0,0,0,0,0,41,47
12,0.01123,147.725,0,0,0,0,0,0,0,0,0,0,0,0,0,0,0,0,0,0,0,0.434,1.355,1.887,1.609,1.608,1.536,1.892,1.916,1.707,1.946,1.251,1.759,1.587,1.755,1.003,1.734,1.329,1.366,1.235,1.127,1.018,1.261,1.278,1.217,1.073,1.554,1.659,1.641,2.111,4.28,4.088,3.82,7.477,5.914,9.09,10.431,11.626,10.776,11.728,9.564,7.489,5.147,2.026,1.013,0.295,0.07,0.043,0,0,0,0,0,0,0,45,48
13,0.008169,133.99,0,0,0,0,0,0,0,0,0,0,0,0,0,0,0,0,0,0,0,0.5894,1.3966,2.0022,2.159,2.3031,2.0197,2.2785,2.2197,2.6752,2.3994,1.878,1.6414,2.3627,1.6629,1.9133,1.9892,2.0117,1.6918,1.589,1.5693,1.6624,1.0934,0.8679,1.55,1.6785,1.637,1.7807,1.5497,2.4266,3.7051,3.8779,4.6455,5.2072,6.3985,6.5783,8.2696,8.8939,8.3469,8.1265,6.2812,5.2209,3.1852,1.9108,0.6541,0.0671,0.0226,0,0,0,0,0,0,0,0,47,49
14,0.009472,111.202,0,0,0,0,0,0,0,0,0,0,0,0,0,0,0,0,0,0,0.0827,0.4829,0.9842,1.0741,1.6314,1.377,2.0288,1.9865,1.5096,1.5239,1.2887,1.3253,1.4905,1.1905,1.1767,1.3961,1.098,1.0694,1.1018,1.0288,1.293,1.3964,1.0072,0.6941,0.8226,1.2349,1.3094,1.2647,1.1959,1.7168,1.4571,2.8005,3.4376,3.7296,4.629,4.8341,5.6985,6.6166,7.8111,7.5473,7.3615,7.957,5.446,3.4014,1.2535,0.3293,0.024,0.0423,0,0.0437,0,0,0,0,0,48,48
15,0.013669,135.03,0,0,0,0,0,0,0,0,0,0,0,0,0,0,0,0,0,0,0,0.62,1.137,1.622,1.463,1.741,1.683,1.969,1.716,1.489,1.848,1.126,1.587,1.337,1.217,1.456,1.292,1.383,0.853,1.401,1.132,0.938,0.958,0.835,0.769,0.941,1.255,1.565,1.653,2.071,2.057,3.278,3.791,3.76,4.541,5.798,6.571,8.703,10.459,8.726,9.058,10.952,8.544,5.207,3.152,0.963,0.248,0.082,0,0.041,0,0,0.04,0,0,49,45
16,0.011909,103.262,0,0,0,0,0,0,0,0,0,0,0,0,0,0,0,0,0,0,0,0.3089,0.9079,0.8718,1.2815,1.3425,1.069,0.9465,0.9246,0.8319,0.9062,1.3959,1.1588,0.8086,1.0788,1.2548,0.9958,0.6956,0.7666,0.6482,0.8499,0.7121,0.4031,0.4534,0.7951,0.8983,0.7227,0.6787,0.7428,1.3626,1.4432,2.1315,2.4127,2.6925,3.3238,4.5152,4.5518,6.1121,7.6102,7.8514,7.5556,8.7989,7.8074,6.3044,3.3583,0.8151,0.0859,0.0391,0,0.0403,0,0,0,0,0,48,42
17,0.011242,105.285,0,0,0,0,0,0,0,0,0,0,0,0,0,0,0,0,0,0,0,0.2703,0.5948,0.8115,1.1867,0.9856,1.5671,1.2653,1.2177,1.811,0.7829,1.3319,1.2108,0.8409,1.0335,1.2311,1.324,1.0716,1.0365,1.0453,0.8058,0.8932,0.7767,0.7663,0.6714,1.0364,0.84,1.3838,1.2464,1.693,1.7709,2.0319,2.5916,3.5434,4.0541,3.9209,5.3445,5.639,6.7138,7.5744,6.8976,7.1546,6.455,6.4822,3.0584,0.9116,0.2863,0,0.0766,0.0467,0,0,0,0,0,45,41
18,0.016921,124.51,0,0,0,0,0,0,0,0,0,0,0,0,0,0,0,0,0,0,0,0.299,0.927,1.237,0.928,1.185,1.107,1.4,1.324,1.601,1.183,1.22,0.878,1.076,0.655,0.852,0.669,0.911,1.011,0.834,0.676,0.564,0.724,0.714,0.549,0.683,0.903,0.888,0.989,1.72,1.932,2.107,2.807,2.88,3.161,4.294,5.652,7.313,7.455,9.893,9.644,10.836,10.742,8.815,5.936,2.137,0.918,0.042,0.001,0.115,0.121,0,0,0,0,42,39
19,0.012411,103.728,0,0,0,0,0,0,0,0,0,0,0,0,0,0,0,0,0,0,0,0.4801,1.0876,1.4988,1.0077,0.9355,1.2285,1.922,1.4789,1.259,1.4798,1.2026,1.0972,0.6497,1.1731,0.8329,0.9245,0.8986,0.7024,0.8562,0.8483,0.5574,0.4522,0.6685,0.7909,0.5544,0.7172,0.8793,1.1198,1.4232,1.6422,2.0025,2.1551,2.3498,2.7475,3.4512,3.8588,6.1903,6.3556,7.1948,7.4768,9.6449,7.511,6.8223,3.8891,1.2038,0.3513,0.076,0.0334,0.0059,0.039,0,0,0,0,41,38
20,0.009294,113.643,0,0,0,0,0,0,0,0,0,0,0,0,0,0,0,0,0,0,0.0345,0.2815,1.2149,1.6855,1.7013,1.962,1.6069,1.7021,1.2766,1.7403,1.5426,1.3243,1.3959,1.4617,1.1028,1.4761,1.6151,1.3603,1.171,1.0938,1.3758,1.3089,0.9795,1.2342,1.0537,1.1726,1.0013,1.4807,1.8069,2.2204,2.6856,2.5579,3.3611,4.3394,4.8452,4.9379,5.3078,6.5524,6.6557,7.0658,7.3569,6.6676,5.229,3.6602,1.4124,0.4572,0.0442,0.0161,0.0254,0.0188,0.0633,0,0,0,0,39,39
21,0.016674,164.807,0,0,0,0,0,0,0,0,0,0,0,0,0,0,0,0,0,0,0.034,0.662,1.726,1.862,1.745,1.776,2.03,1.847,1.862,1.713,1.724,1.687,2.216,1.896,2.244,1.613,1.489,1.656,1.137,1.072,1.271,1.02,1.024,1.272,0.953,1.587,1.376,1.554,1.633,2.161,2.703,3.578,3.969,4.368,6.157,7.766,8.398,10.913,10.156,13.438,12.47,12.772,12.267,6.32,2.85,0.521,0,0.058,0.059,0.086,0.053,0.066,0,0,0,38,41
22,0.008954,103.09,0,0,0,0,0,0,0,0,0,0,0,0,0,0,0,0,0,0,0,0.4218,0.7672,1.3422,1.1999,0.8564,1.4199,1.5561,1.5635,1.505,1.3122,1.3018,1.3538,1.4586,1.56,1.6253,1.1505,1.3986,0.7882,1.2117,0.9126,1.1076,0.9755,0.9978,0.923,0.7874,1.1245,1.1938,1.2058,1.4764,1.7458,2.6669,2.5386,3.222,3.8181,4.7399,5.0664,5.8655,6.9204,6.7916,7.1756,6.9409,6.1694,3.7212,1.0336,0.0581,0.04,0,0.0397,0,0,0.0392,0,0,0,39,41
23,0.016604,167.381,0,0,0,0,0,0,0,0,0,0,0,0,0,0,0,0,0,0,0,0.505,1.142,1.459,1.523,1.866,2.251,2.039,2.314,1.834,1.799,1.681,1.423,2.073,1.701,1.888,1.546,1.587,1.381,1.74,1.343,1.297,1.237,0.778,1.277,0.977,1.169,1.769,1.824,2.479,2.697,3.767,3.919,5.136,6.04,7.695,8.915,12.114,12.466,12.352,12.141,14.186,9.396,6.434,2.991,0.989,0.081,0.002,0.04,0.119,0,0,0,0,0,41,42
24,0.013166,142.503,0,0,0,0,0,0,0,0,0,0,0,0,0,0,0,0,0,0,0,0.657,1.047,1.696,1.78,2.037,2.208,1.874,1.662,1.796,1.758,1.952,1.93,1.854,1.463,2.094,1.265,1.823,1.352,0.867,1.302,1.223,1.047,0.771,1.103,1.213,1.131,1.538,1.972,1.649,2.578,2.883,3.685,3.905,5.281,6.98,8.076,8.543,9.968,10.752,10.677,9.301,7.035,5.126,2.84,0.492,0.234,0,0,0.04,0.04,0,0,0,0,41,42
25,0.016826,154.317,0,0,0,0,0,0,0,0,0,0,0,0,0,0,0,0,0,0,0,0.486,1.414,2.299,1.96,1.957,2.025,2.272,1.958,1.738,1.901,1.456,1.674,2.128,2.127,1.606,1.163,1.076,1.278,1.057,1.286,1.017,0.711,0.995,1.058,0.888,1.114,0.981,1.274,1.779,2.088,2.843,3.476,3.871,5.307,6.721,7.883,8.669,9.412,12.056,11.781,13.234,10.526,8.082,3.817,1.318,0.394,0.12,0.041,0,0,0,0,0,0,42,42
26,0.00861,105.956,0,0,0,0,0,0,0,0,0,0,0,0,0,0,0,0,0,0,0.036,0.6075,0.94,1.0626,1.1322,1.7063,1.1787,1.5345,1.7215,1.762,1.2034,1.3189,1.7908,1.7342,1.4431,1.3027,1.4605,0.8526,1.4634,1.1187,1.1737,1.1958,1.1509,1.2461,1.0214,1.0704,1.2081,1.1918,1.1967,1.6865,2.0722,2.8478,2.7854,3.1975,4.1416,4.2972,5.6885,6.6863,7.5939,7.4282,6.7918,5.6447,4.2011,2.8079,1.3954,0.5488,0.1873,0.0865,0,0.043,0,0,0,0,0,42,41
27,0.010026,94.595,0,0,0,0,0,0,0,0,0,0,0,0,0,0,0,0,0,0,0.0422,0.4716,0.8494,0.8656,1.0486,0.9678,1.5077,1.6204,0.9947,1.2866,1.0737,1.4113,0.7192,1.1647,1.3335,1.1467,1.0464,0.629,0.7776,0.6744,0.853,0.8645,0.5202,0.6094,0.7525,0.9232,0.616,0.9746,0.9614,1.385,1.3624,2.1567,1.9881,2.4556,2.9858,3.9985,4.4555,5.236,5.7175,7.1701,6.6931,7.4961,6.4007,4.9796,2.2213,0.9734,0.1318,0.0008,0.0012,0.0799,0,0,0,0,0,42,40
28,0.005265,68.139,0,0,0,0,0,0,0,0,0,0,0,0,0,0,0,0,0,0,0,0.3684,0.6456,0.7738,0.9109,1.0195,1.1437,1.5235,1.448,1.038,0.8495,1.0504,1.0126,0.8846,1.1342,1.2846,0.7102,0.9173,1.4465,1.1666,0.8275,0.5011,0.6924,0.6807,0.5522,0.6814,0.569,1.0303,0.6376,1.5064,1.5971,1.6726,2.4046,2.1555,3.1226,2.5608,2.9794,3.9361,3.6091,4.223,3.4711,2.9716,2.537,1.7363,1.3691,0.5693,0.135,0.041,0,0,0.0421,0,0,0,0,41,39
29,0.013074,116.143,0,0,0,0,0,0,0,0,0,0,0,0,0,0,0,0,0,0,0,0.3984,0.8934,1.4682,1.3917,1.8428,1.6251,2.0267,1.449,2.2762,1.4373,1.8048,1.7072,1.6582,1.5178,1.7298,0.9532,1.1208,0.78,1.499,1.1862,1.0017,1.0343,0.96,1.0077,0.8702,1.0401,1.2499,1.3319,1.7496,2.2914,2.1321,2.8178,3.5851,3.7442,3.8223,5.3511,5.5998,6.4156,6.3036,6.0077,7.8041,6.3364,5.8933,4.5819,2.7418,1.2172,0.3774,0.068,0.0408,0,0,0,0,0,40,37
30,0.008165,73.721,0,0,0,0,0,0,0,0,0,0,0,0,0,0,0,0,0,0,0,0.3799,0.7193,1.108,0.8341,1.0455,1.3263,1.2666,1.0774,0.9758,1.188,0.8297,1.0051,0.8909,1.0546,0.7984,0.9618,0.7741,0.6095,0.8838,0.592,0.8333,0.5759,0.353,0.834,0.9212,0.9244,0.9187,0.6616,1.0085,1.0918,1.2734,1.451,2.055,2.1535,2.634,2.9333,3.554,3.8988,4.6847,4.775,4.6427,4.3749,3.8835,2.4977,1.7964,0.5913,0,0.0337,0.006,0,0.0392,0,0,0,39,36
31,0.00626,67.135,0,0,0,0,0,0,0,0,0,0,0,0,0,0,0,0,0,0,0,0.134,0.7602,1.273,0.7668,1.1604,1.2704,1.6145,1.3343,1.1718,0.8494,1.1266,0.7277,0.9719,1.4362,1.0783,1.1874,0.6707,0.8458,0.935,0.5468,0.509,0.61,0.6765,0.6282,0.7234,0.8077,0.7071,0.9443,1.2074,1.5682,1.4928,1.65,1.9564,2.368,2.0127,2.3775,2.7701,3.0578,3.0244,4.7434,3.9445,3.324,2.8911,2.0495,0.6336,0.4769,0.0388,0.0803,0,0,0,0,0,0,37,36
32,0.011555,112.227,0,0,0,0,0,0,0,0,0,0,0,0,0,0,0,0,0,0,0,0.3717,1.3808,1.4954,1.2507,1.9088,1.2126,1.5265,1.4647,1.7263,1.4606,1.4901,1.1085,1.3167,1.6715,1.8096,1.2673,0.8267,0.8853,1.1797,1.106,0.8401,0.6165,0.5621,0.9627,1.0925,1.4098,1.2897,1.6699,1.156,1.8945,2.7998,3.2563,3.5951,3.958,4.3625,5.9519,7.3161,7.2788,6.8504,6.8588,5.8901,5.2684,4.64,2.9419,1.7097,1.0394,0.3335,0.0994,0.006,0,0.059,0.0589,0,0,36,36
33,0.005268,84.462,0,0,0,0,0,0,0,0,0,0,0,0,0,0,0,0,0,0,0,0.4746,1.2307,1.4201,1.7177,1.9022,1.744,1.5594,1.7584,1.508,1.6999,1.3885,1.536,1.8349,1.3559,1.5125,1.7593,1.0799,1.2224,1.4422,1.1546,0.9388,1.1659,1.1143,0.9664,0.9879,1.3243,1.3385,1.3529,2.0427,2.3292,2.8656,2.3235,2.7,3.8144,3.4047,3.3082,3.3985,3.2845,3.3733,2.8562,3.6443,2.6194,2.0789,1.4525,0.3755,0.0622,0.0387,0,0,0,0,0,0,0,36,37
34,0.012296,133.974,0,0,0,0,0,0,0,0,0,0,0,0,0,0,0,0,0,0,0,0.6252,1.1217,1.4409,1.7724,1.8769,1.6693,1.9679,2.064,1.7248,1.9837,1.8646,1.6657,1.7979,1.7513,1.9412,1.8571,1.4851,1.1496,1.3631,1.606,1.1041,1.0235,0.8421,1.0731,1.0689,1.1533,1.1009,1.807,2.4314,2.1783,2.9594,3.7634,3.9101,4.9658,6.3055,7.252,7.433,9.3796,9.1332,8.9322,8.3263,6.4014,4.1833,2.6663,1.1086,0.3545,0.2859,0.0575,0.0059,0.039,0,0,0,0,36,39
35,0.00891,106.994,0,0,0,0,0,0,0,0,0,0,0,0,0,0,0,0,0,0,0.0701,0.4783,1.2566,1.7549,1.6481,1.4512,2.3236,2.0602,1.9251,2.0446,1.9876,1.6675,1.941,1.5671,1.4544,1.6046,2.2492,1.7137,1.6401,1.4424,1.1723,1.0634,0.96,0.7977,0.6979,1.2417,1.6358,1.6047,1.7081,1.7964,1.4497,1.9725,3.1085,3.0133,3.5203,4.1654,5.0838,6.1562,5.9384,6.0398,4.9787,4.175,4.4017,3.2507,2.3188,1.6474,0.5248,0.1967,0.0936,0,0,0,0,0,0,37,40
36,0.008836,95.623,0,0,0,0,0,0,0,0,0,0,0,0,0,0,0,0,0,0,0,0.6079,1.0704,1.4431,1.8017,1.9385,1.818,1.5961,2.1219,0.9876,1.1771,1.5721,1.48,1.5381,1.253,1.5428,1.3525,1.1811,1.2804,1.0285,1.1491,0.7532,0.8366,0.7538,0.4866,0.7916,0.8113,0.8861,1.2503,1.5373,1.5244,2.0131,2.4742,3.0768,3.4533,4.4628,4.3329,5.0777,5.7702,6.1665,4.8445,4.6318,3.6679,3.0355,2.1972,1.3999,0.8547,0.4546,0.0987,0,0.04,0,0,0,0,39,40
37,0.009924,90.042,0,0,0,0,0,0,0,0,0,0,0,0,0,0,0,0,0,0,0,0.4311,0.8423,1.3243,1.2221,1.3381,1.3112,1.6342,1.1145,1.6112,1.3022,1.6327,1.5373,0.949,1.1161,1.3499,1.237,0.8614,0.9925,0.7944,0.6809,0.7347,0.8213,0.7189,0.5888,0.8,0.8524,1.3096,0.9754,1.0895,1.5068,1.4058,1.8563,2.4977,2.859,3.1369,3.2832,4.4869,5.3136,5.3776,5.5666,5.4927,5.3895,4.5792,3.0534,1.9659,0.8223,0.2352,0.0012,0,0.0132,0.0264,0,0,0,40,39
38,0.014074,122.304,0,0,0,0,0,0,0,0,0,0,0,0,0,0,0,0,0,0,0.042,0.5988,1.0878,1.9394,1.8386,1.4714,1.6179,1.7951,2.4304,1.843,1.8643,1.9958,1.629,1.4462,1.8375,1.5193,1.2777,1.2643,1.192,0.9226,0.743,0.8452,0.9504,0.8675,0.9833,0.959,1.1516,1.1886,1.126,1.6719,2.0012,2.5074,2.6107,3.8474,4.0819,4.5898,4.4363,6.4229,6.8822,7.9025,6.5094,7.48,6.8063,6.507,4.4932,3.0757,1.4205,0.4447,0.1393,0.0458,0,0,0,0,0,40,37
39,0.006634,70.173,0,0,0,0,0,0,0,0,0,0,0,0,0,0,0,0,0,0,0,0.0996,1.2443,1.0734,1.2412,1.2545,1.3721,1.8476,1.3498,1.5914,1.353,1.4731,1.0176,1.1896,1.604,1.225,0.9316,0.9958,1.0847,0.6375,0.7528,0.6955,0.5244,0.6385,0.3811,0.474,0.4309,0.7036,1.1122,1.5452,1.5705,1.2723,1.5514,1.8175,2.4021,2.9549,2.501,2.7882,3.27,3.5174,3.5334,3.0678,2.4842,2.8644,1.9561,1.4938,0.8911,0.3124,0.0404,0.0402,0,0,0,0,0,39,35
40,0.005741,53.449,0,0,0,0,0,0,0,0,0,0,0,0,0,0,0,0,0,0,0,0.131,0.6941,0.5987,0.8139,0.9955,1.446,1.0419,1.4623,0.708,1.0326,1.0321,1.0479,0.9533,0.6395,0.7093,0.6573,0.7354,0.7147,0.4739,0.28,0.471,0.3084,0.4795,0.4506,0.7592,0.5937,0.484,0.6992,0.9871,1.1607,1.3353,1.1548,1.1969,1.4603,1.7643,1.773,2.2857,1.9124,3.0226,2.5776,2.6106,2.6062,2.5707,2.185,1.3048,0.9262,0.1371,0.0589,0.0061,0,0,0,0,0,37,34
41,0.008829,98.341,0,0,0,0,0,0,0,0,0,0,0,0,0,0,0,0,0,0,0,0.2994,0.6979,0.9424,1.099,1.5622,1.3702,1.7219,1.52,1.423,1.452,1.5952,1.1915,1.291,1.2327,1.5282,1.1335,1.2537,0.7988,0.9932,0.8613,0.7994,1.0561,0.7214,0.7532,0.9922,0.9506,1.1694,1.6126,1.6022,2.2725,2.1395,2.9977,3.3059,3.6679,4.1053,5.1806,5.79,7.0434,6.9245,5.4155,5.3098,3.3566,3.2498,1.9216,1.1565,0.5261,0.2885,0.0246,0.04,0,0,0,0,0,35,34
42,0.005542,64.188,0,0,0,0,0,0,0,0,0,0,0,0,0,0,0,0,0,0,0.0418,0.4636,0.5162,0.8098,1.179,1.1049,0.9048,1.1883,1.5504,1.0963,0.9603,1.0723,0.9663,1.0732,0.8412,1.1101,0.7914,0.4789,0.8492,0.7635,0.4589,0.6619,0.574,0.7342,0.7099,0.8195,0.4885,0.7765,0.7226,1.187,1.0361,1.5181,1.2879,2.302,2.4694,3.2001,3.1517,2.9967,3.2949,3.6318,3.334,3.3589,2.5286,2.3562,1.8561,0.7713,0.0835,0.0768,0.0397,0,0,0,0,0,0,34,35
43,0.01613,144.841,0,0,0,0,0,0,0,0,0,0,0,0,0,0,0,0,0,0,0,0.265,1.521,1.416,1.799,1.486,1.694,1.901,1.895,1.245,1.879,1.426,1.789,1.345,1.234,1.079,1.237,1.415,0.802,1.016,1.387,1.069,0.825,0.522,0.71,1.055,0.95,1.474,1.74,1.872,2.315,2.702,3.657,4.204,5.41,5.388,8.135,8.245,9.683,10.066,11.073,11.347,10.542,7.836,4.451,1.371,0.246,0.077,0.034,0.008,0.001,0.001,0,0,0,34,35
44,0.013108,161.41,0,0,0,0,0,0,0,0,0,0,0,0,0,0,0,0,0,0,0,0.6959,2.0558,2.1704,2.6466,2.7048,3.5176,3.7878,3.7336,3.1615,3.1277,2.7348,3.1059,2.4765,3.2975,2.8481,2.8937,1.884,1.809,1.5966,1.6373,1.3642,0.8548,1.1657,1.5013,1.8501,1.6893,1.6061,1.877,3.0516,2.6346,4.0574,4.1635,4.1768,5.7297,6.2852,7.4152,8.1485,9.2517,9.0454,7.6343,9.0739,6.1005,4.7405,3.6768,1.6579,0.5667,0.1394,0.0669,0,0,0,0,0,0,35,37
45,0.009935,137.602,0,0,0,0,0,0,0,0,0,0,0,0,0,0,0,0,0,0,0,0.5643,1.0421,2.1171,2.5882,2.528,3.5311,2.3186,2.7175,2.5808,2.3921,2.3883,2.4745,2.4629,2.4453,2.6617,1.7658,2.0383,1.7801,1.64,1.4612,1.6429,1.5561,0.9906,1.4549,1.517,1.4666,1.9543,2.5767,2.7639,3.4428,3.6888,4.4435,3.8038,4.814,5.3602,5.584,6.4226,7.6358,7.929,6.2892,6.4103,4.8954,4.4507,2.2793,0.4436,0.1664,0.0408,0,0.0811,0,0,0,0,0,35,39
46,0.013047,158.031,0,0,0,0,0,0,0,0,0,0,0,0,0,0,0,0,0,0,0,0.7284,1.3081,1.8251,1.7138,2.007,2.5559,2.8066,2.5806,2.4642,1.9856,1.8746,2.2913,2.0644,1.7897,1.7267,1.953,2.3767,1.549,1.7578,1.6543,1.6295,0.8892,1.3869,1.1886,1.5664,1.8107,1.6368,2.6124,2.8879,3.7743,4.8293,5.2025,6.1728,6.6535,7.145,8.3563,8.9768,9.8586,9.8482,9.3538,7.8029,6.4256,4.2831,3.0332,0.9838,0.4735,0.1165,0.0811,0.0003,0,0.0392,0,0,0,37,41
47,0.006389,97.416,0,0,0,0,0,0,0,0,0,0,0,0,0,0,0,0,0,0,0,0.5407,1.4575,1.6104,1.7367,2.2675,1.9485,2.3086,2.2512,2.4923,1.7124,1.9893,1.9099,1.688,2.1624,1.7739,1.7941,1.7745,1.6024,1.3964,1.2295,1.3379,0.8354,1.1357,1.3296,1.1725,1.1314,1.1478,1.4388,1.564,2.1789,2.6912,2.754,3.7699,3.4377,3.8673,3.7881,3.6293,3.9679,5.2637,3.4254,3.6135,2.8201,2.9872,1.4682,0.6655,0.265,0.0841,0,0,0,0,0,0,0,39,42
48,0.013052,173.667,0,0,0,0,0,0,0,0,0,0,0,0,0,0,0,0,0,0,0,0.799,1.579,1.569,2.906,3.047,3.692,3.615,3.797,3.049,3.079,3.231,3.099,2.532,2.529,3.547,2.731,2.075,2.35,1.948,1.22,1.754,1.737,1.308,1.448,1.828,1.544,1.855,2.305,2.536,3.554,3.779,4.529,5.474,7.377,8.233,8.964,9.102,10.639,10.029,9.154,8.438,6.915,5.715,2.153,0.672,0.113,0.079,0.04,0,0,0,0,0,0,41,43
49,0.014648,230.464,0,0,0,0,0,0,0,0,0,0,0,0,0,0,0,0,0,0,0.035,0.957,2.338,2.865,3.14,3.242,4.233,3.499,4.626,3.365,3.289,3.16,3.261,2.762,3.264,2.894,2.716,2.792,2.187,2.045,2.259,1.74,1.696,1.974,2.154,2.426,3.056,3.149,3.815,4.565,5.41,7.354,8.501,9.348,11.468,13.035,14.484,15.999,16.289,15.557,12.66,8.404,4.145,2.23,1.236,0.456,0.214,0.127,0.035,0.006,0,0,0,0,0,42,46
50,0.013012,154.026,0,0,0,0,0,0,0,0,0,0,0,0,0,0,0,0,0,0,0.077,0.413,1.488,2.129,1.842,2.062,2.401,2.566,2.54,2.265,2.025,2.309,2.344,2.629,1.843,1.669,1.453,2.284,1.492,1.432,1.755,1.548,1.09,0.956,1.6,1.68,1.625,2.357,2.156,2.153,3.271,3.376,4.581,4.583,5.668,6.652,8.245,9.088,10.228,10.349,9.249,9.685,6.671,4.305,2.317,0.97,0.404,0.119,0,0.081,0,0,0,0,0,43,46
51,0.010929,145.79,0,0,0,0,0,0,0,0,0,0,0,0,0,0,0,0,0,0,0.036,0.422,1.4,2.174,2.133,2.598,2.209,2.51,2.923,2.298,2.836,1.984,2.378,2.114,2.643,2.907,2.166,1.928,1.566,1.635,1.438,1.12,1.051,1.392,0.86,1.178,1.649,1.874,2.043,2.875,3.59,3.512,4.197,4.752,5.156,6.21,6.584,7.921,9.107,10.17,7.959,8.832,5.659,4.132,1.094,0.34,0.194,0,0,0.043,0,0,0,0,0,46,45
52,0.009443,117.372,0,0,0,0,0,0,0,0,0,0,0,0,0,0,0,0,0,0,0.0344,0.5558,0.9873,1.4251,1.4876,2.0779,2.4335,1.562,2.3107,1.7257,1.6031,1.386,1.6298,1.4451,1.372,1.9304,1.6483,1.6124,1.1707,1.0638,1.0704,1.0933,1.0024,0.9322,0.9967,1.1122,1.7356,1.2696,1.6272,1.7321,2.1397,2.4557,3.2159,3.7157,4.1459,5.8152,5.9225,7.1743,6.915,7.9265,8.4646,7.3591,5.3918,3.4011,0.9998,0.1266,0.0451,0.0398,0.035,0.0082,0.0409,0,0,0,0,46,45
53,0.019588,235.877,0,0,0,0,0,0,0,0,0,0,0,0,0,0,0,0,0,0,0.067,0.759,2.881,2.445,2.655,3.456,4.31,3.753,3.46,2.603,2.765,2.54,2.476,2.304,1.946,2.574,2.295,2.422,1.44,2.575,2.237,1.756,1.37,1.565,1.481,1.7,1.794,2.357,2.851,3.532,4.27,5.067,6.232,7.341,9.327,12.486,13.243,16.491,17.659,21.218,19.413,17.092,9.993,4.177,1.21,0.261,0.025,0.001,0.001,0,0,0,0,0,0,45,44
54,0.014875,200.834,0,0,0,0,0,0,0,0,0,0,0,0,0,0,0,0,0,0,0,0.817,1.308,2.454,2.849,2.959,2.609,3.334,2.774,2.681,2.564,2.449,2.79,2.512,2.283,2.749,2.464,2.206,1.791,1.862,1.754,1.601,1.912,1.538,1.567,2.037,2.02,2.486,2.803,2.816,4.447,4.831,5.365,7.411,8.662,10.851,10.744,13.719,15.491,17.162,14.829,11.855,6.43,2.195,0.505,0.132,0.091,0.017,0.024,0.04,0.039,0,0,0,0,45,44
55,0.008944,183.255,0,0,0,0,0,0,0,0,0,0,0,0,0,0,0,0,0,0,0,1.094,2.637,3.066,2.89,4.098,4.049,3.933,4.651,3.812,4.058,3.772,3.14,3.544,3.685,2.573,2.994,2.869,3.057,2.531,2.401,1.858,1.389,1.699,1.6,2.244,2.739,2.711,3.266,3.939,3.951,5.115,5.996,7.627,8.297,9.543,10.024,9.737,9.657,9.157,8.02,5.512,2.941,1.188,0.166,0.021,0,0,0,0,0,0,0,0,0,44,44
56,0.012974,235.984,0,0,0,0,0,0,0,0,0,0,0,0,0,0,0,0,0,0,0.038,0.86,2.39,3.957,3.843,5.079,5.083,4.89,4.922,4.49,4.579,4.575,5.421,4.926,4.171,3.89,3.633,4.123,4.282,3.613,3.245,2.079,2.144,2.256,2.119,2.839,2.791,2.77,3.387,4.745,5.147,6.124,6.515,7.499,9.951,10.805,12.035,13.36,14.138,15.948,11.267,8.896,4.724,1.986,0.272,0.045,0.044,0.086,0,0,0,0,0,0,0,44,47
57,0.00609,142.063,0,0,0,0,0,0,0,0,0,0,0,0,0,0,0,0,0,0,0,0.9436,2.0282,2.9398,3.5297,3.5158,3.2945,3.4119,3.4409,3.1583,3.6286,3.641,4.2704,3.6319,3.5445,3.8443,2.7839,2.3616,2.5568,2.4294,2.0311,1.8019,2.1931,1.9225,1.384,1.6473,1.7279,2.1002,2.5477,3.2939,3.4549,4.3468,3.4333,4.6511,5.4012,5.1171,5.3033,6.147,5.6277,6.0822,4.9321,3.9678,2.1256,1.3307,0.3957,0.1209,0.0207,0,0,0,0,0,0,0,0,44,50
58,0.018481,251.761,0,0,0,0,0,0,0,0,0,0,0,0,0,0,0,0,0,0,0,0.909,2.387,3.8,3.644,3.893,3.949,3.974,4.413,4.013,3.906,3.468,3.834,3.711,3.556,4.217,3.391,3.199,2.851,2.947,2.977,2.416,1.975,2.559,1.939,2.165,2.372,2.061,2.582,3.764,4.853,5.783,6.63,7.479,11.198,11.933,14.025,15.325,16.708,19.266,18.501,15.798,7.994,3.519,1.253,0.359,0.022,0.07,0.157,0.012,0,0,0,0,0,47,52
59,0.015354,237.161,0,0,0,0,0,0,0,0,0,0,0,0,0,0,0,0,0,0,0.087,0.908,2.359,2.793,3.23,2.998,4.046,4.183,4.457,3.625,3.333,3.287,3.622,2.845,4.06,3.782,3.186,3.236,2.332,2.622,2.067,2.274,1.752,1.868,1.873,2.269,2.421,2.612,2.866,3.658,5.476,6.779,7.749,8.334,11.127,12.789,15.201,16.393,17.714,17.194,15.062,10.814,5.489,1.913,0.222,0.085,0.047,0.12,0,0,0,0,0,0,0,50,53
60,0.016094,326.192,0,0,0,0,0,0,0,0,0,0,0,0,0,0,0,0,0,0,0.081,1.537,3.995,4.809,5.193,5.77,5.851,6.298,5.534,5.074,5.611,5.265,4.24,5.082,5.042,4.978,5.092,4.663,4.338,3.794,3.467,3.208,2.884,2.391,3.345,3.806,4.115,5.835,6.073,7.339,9.523,9.573,12.346,13.212,16.491,18.724,21.976,23.691,23.088,19.665,13.235,6.906,2.297,0.38,0.221,0.066,0.003,0.085,0,0,0,0,0,0,0,52,55
0,0,0,0.104,0.111,0.12,0.129,0.138,0.149,0.16,0.172,0.184,0.198,0.213,0.229,0.246,0.264,0.284,0.305,0.328,0.352,0.379,0.407,0.437,0.47,0.505,0.543,0.583,0.627,0.674,0.724,0.778,0.836,0.898,0.965,1.037,1.115,1.198,1.287,1.383,1.486,1.597,1.717,1.845,1.982,2.13,2.289,2.46,2.643,2.841,3.053,3.28,3.525,3.788,4.071,4.374,4.701,5.051,5.428,5.833,6.268,6.736,7.239,7.779,8.359,8.983,9.653,10.373,11.147,11.979,12.872,13.833,14.865,15.974,17.165,18.446,0,0
