Tiempo (min),LWC (g/m3),Cn(P/cm3),0.104,0.111,0.12,0.129,0.138,0.149,0.16,0.172,0.184,0.198,0.213,0.229,0.246,0.264,0.284,0.305,0.328,0.352,0.379,0.407,0.437,0.47,0.505,0.543,0.583,0.627,0.674,0.724,0.778,0.836,0.898,0.965,1.037,1.115,1.198,1.287,1.383,1.486,1.597,1.717,1.845,1.982,2.13,2.289,2.46,2.643,2.841,3.053,3.28,3.525,3.788,4.071,4.374,4.701,5.051,5.428,5.833,6.268,6.736,7.239,7.779,8.359,8.983,9.653,10.373,11.147,11.979,12.872,13.833,14.865,15.974,17.165,18.446,Visibilidad (m),Visibilidad corregida (m)
1,0.004652,9.896,0,0,0,0,0,0,0,0,0,0,0,0,0,0,0,0,0,0,0,0.131752,0,0.33067,0.360956,0.289024,0.189895,0.280036,0.0554865,0.339213,0.0438398,0.0438279,0.111151,0.207844,0.146665,0.147496,0.133315,0.0989348,0.122248,0.0630566,0.107153,0.0564927,0.09678,0.0648556,0,0.0329853,0.0783649,0.20152,0.183904,0.150034,0.202407,0.180552,0.193153,0.305491,0.0980898,0.134749,0.283791,0.250698,0.156736,0.228608,0.156569,0.0762045,0.0231238,0.222727,0.266007,0.208179,0.52667,0.146984,0.264542,0.376691,0.253536,0.43257,0.502101,0.225874,0.112491,59,58
2,0.000335,6.4,0,0,0,0,0,0,0,0,0,0,0,0,0,0,0,0,0,0,0,0.00356295,0.440289,0.364192,0.218201,0.154081,0.203511,0.238223,0.370614,0.10347,0.125646,0.170987,0.0802103,0.0536247,0.0718921,0,0.083589,0.0128789,0.0750002,0.101977,0.168207,0.0960748,0.0882594,0.0893036,0.0712054,0.142138,0.213857,0.131971,0.147388,0.0740434,0.181778,0.397232,0.219462,0.291811,0.114819,0.164613,0.167202,0.095484,0.229329,0.040851,0.0407679,0.0777952,0.0847697,0,0.0208982,0.0194098,0.0401408,0.0154864,0.0244186,0,0.052669,0.0262934,0,0,0,58,57
3,0.000305,6.681,0,0,0,0,0,0,0,0,0,0,0,0,0,0,0,0,0,0,0,0.21215,0.296973,0.17237,0.46384,0.175761,0.274407,0.0586191,0.138379,0.178602,0.084437,0.164647,0.0497695,0.146583,0.126927,0.0422958,0.0422744,0.0422586,0.0422461,0,0.108812,0.0723685,0.0935076,0.110867,0.072023,0.14377,0.0960881,0.244877,0.337361,0.256456,0.239995,0.295958,0.156465,0.23898,0.338884,0.154617,0.185127,0.169117,0.0374058,0.151534,0.151261,0.0873255,0.0223419,0.0514963,0.0711266,0.0407158,0,0,0,0,0,0,0.0396418,0,0,58,56
4,0.00019,7.777,0,0,0,0,0,0,0,0,0,0,0,0,0,0,0,0,0,0,0,0.166634,0.374887,0.136014,0.383258,0.56937,0.352671,0.224035,0.157912,0.402914,0.455006,0.386781,0.147399,0.279736,0.0415413,0.0581517,0.151499,0.165979,0.0414712,0.105582,0.0602125,0.0779491,0.150242,0.0734614,0.0884102,0.0549335,0.0858736,0.237492,0.322651,0.178816,0.122779,0.085391,0.254738,0.145861,0.322484,0.0460786,0.181763,0.137585,0.187169,0.0811884,0.0810028,0.0404237,0.0403131,0,0.020754,0.0592518,0.039806,0,0,0,0,0,0,0,0,57,54
5,0.000225,6.951,0,0,0,0,0,0,0,0,0,0,0,0,0,0,0,0,0,0,0,0.0512839,0.272974,0.409759,0.280553,0.277296,0.412855,0.396097,0.089516,0.293369,0.188438,0.121561,0.0150165,0.270231,0.0942647,0.110743,0.0798882,0.153565,0.126668,0.0257225,0.0955076,0.188413,0.10181,0.11884,0.0802614,0.0710075,0.135977,0.148707,0.132377,0.202892,0.23264,0.138258,0.247916,0.121193,0.201721,0.169928,0.255744,0.150602,0.0914048,0.123017,0.0919088,0,0,0.0456442,0,0,0.0903309,0,0.0448958,0,0,0,0,0,0,56,54
6,0.001055,9.267,0,0,0,0,0,0,0,0,0,0,0,0,0,0,0,0,0,0,0,0.0912869,0.0196379,0.129386,0.0791193,0.0978374,0.249569,0.291055,0.136764,0.136728,0,0.0164572,0.0746355,0.18211,0.0598652,0.0470961,0.0750199,0.0454634,0.0956096,0.156374,0.092222,0.0778464,0.100586,0.0351712,0.155918,0.13919,0.204452,0.158691,0.345042,0.317779,0.522752,0.426543,0.445656,0.496114,0.338431,0.535967,0.463261,0.430026,0.513137,0.475091,0.194533,0.134255,0.203904,0.00285805,0,0.0765046,0.0547041,0,0.0367777,0.0693538,0.0806959,0.0286084,0.0425777,0.0847868,0,54,55
7,0.000225,4.695,0,0,0,0,0,0,0,0,0,0,0,0,0,0,0,0,0,0,0.0358451,0.00940783,0.0452423,0.1025,0.214128,0.368338,0.129094,0.0452044,0.0903931,0.045185,0.045174,0.0614775,0.0739924,0.0451354,0.0451208,0,0.0450826,0.0450657,0.0450446,0.094275,0.111822,0.063947,0.0339924,0.010951,0.038391,0.0853467,0.100513,0.0815931,0.246755,0.31444,0.17672,0.233624,0.155355,0.0445048,0.221194,0.188848,0.122722,0.0309119,0.159675,0.397582,0.0732928,0.0200043,0.023826,0,0.0450847,0.117719,0.010934,0,0,0,0,0,0,0,0,54,56
8,0.000155,4.721,0,0,0,0,0,0,0,0,0,0,0,0,0,0,0,0,0,0,0,0.0433481,0.192026,0.111368,0.173326,0.0991981,0.204035,0.129926,0.173192,0.0454528,0.0204906,0.0660481,0.0432506,0.0554088,0.0310625,0,0.00402718,0.0823434,0,0.0862757,0.0748027,0.0798609,0.0608046,0.141534,0.0736076,0.0341885,0.0598721,0.139432,0.2528,0.0734209,0.182998,0.194962,0.309849,0.303559,0.202781,0.16457,0.178499,0.127164,0.0701384,0.1693,0.168565,0.033159,0.0647747,0,0,0,0,0,0,0,0,0,0,0,0,55,57
9,0.000108,2.923,0,0,0,0,0,0,0,0,0,0,0,0,0,0,0,0,0,0,0,0.0807219,0.161425,0.182858,0.189742,0.272889,0.120992,0.148562,0.0127207,0.0193549,0.0803187,0.0614973,0.0402717,0,0,0.0140984,0.0663438,0,0.00836443,0.112142,0.0401447,0,0.0606407,0.0253188,0.0513883,0.113853,0.114622,0.105957,0.0881364,0.0707047,0.00903136,0.0731361,0.125702,0.0878741,0.0311766,0.0639578,0.0942594,0,0,0.0655336,0.0392402,0.0130296,0,0,0,0,0.0386215,0,0,0.0382174,0,0,0,0,0,56,57
10,0.000337,4.594,0,0,0,0,0,0,0,0,0,0,0,0,0,0,0,0,0,0,0,0.0888876,0.166896,0.0539534,0.254371,0.21539,0.141751,0.202391,0.0268745,0,0.0851301,0,0.0425401,0,0.04251,0.0573876,0.0275985,0.0555511,0.0806511,0.122435,0.0874773,0.103052,0.0918295,0.0648625,0.0904794,0.0882424,0.122647,0.18454,0.117231,0.144419,0.148046,0.132735,0.269524,0.0799263,0.229822,0.18873,0.0446556,0.122164,0.166408,0.0415443,0.0828986,0.0827397,0.0406053,0.0544615,0.0714685,0,0,0,0,0,0,0,0.074475,0.00507458,0,57,56
11,0.000354,4.031,0,0,0,0,0,0,0,0,0,0,0,0,0,0,0,0,0,0,0,0.00349841,0.0965953,0.16889,0.348648,0.17062,0.117512,0.123448,0.123415,0.0608801,0.0408431,0.0776074,0.0673502,0.0410855,0.0129519,0.0691676,0,0,0.004268,0.118703,0.0409681,0.0240835,0.088716,0.0626633,0.104885,0.108626,0.0311811,0.0701529,0.0756998,0.245361,0.228961,0.216072,0.211353,0.103702,0.0563789,0.0497147,0.154909,0.065616,0.0523258,0.0401109,0.0400585,0,0.0398578,0.0397737,0,0.0395244,0.00300394,0.0907967,0.0239763,0.0390013,0,0,0,0.0156644,0.0224753,57,56
12,0.000233,5.379,0,0,0,0,0,0,0,0,0,0,0,0,0,0,0,0,0,0,0.0352502,0.142744,0,0.157109,0.198748,0.152743,0.203001,0.208257,0.191806,0.133305,0.0444243,0.10487,0.117157,0,0.0139925,0.119093,0.0443343,0.0409845,0.224849,0.0484298,0.205415,0.144424,0.0334282,0.0613222,0.0755325,0.117353,0.210317,0.103991,0.174918,0.189707,0.192824,0.31751,0.111045,0.208915,0.247704,0.206988,0.122843,0,0.115428,0.173811,0.0721091,0.0287302,0,0,0,0,0,0,0,0.0421347,0,0.0417551,0,0,0,56,54
13,0.000225,4.159,0,0,0,0,0,0,0,0,0,0,0,0,0,0,0,0,0,0,0,0.0428691,0.208348,0.31738,0.127224,0.247003,0.0856744,0.11497,0.141974,0,0.0427961,0.085572,0.085547,0,0.0427484,0.0577046,0.0277509,0.0263233,0.0590571,0,0.0852803,0.0551478,0.094476,0.075596,0.0727929,0.0322,0.0221616,0.0983612,0.107927,0.148954,0.131143,0.172424,0.133469,0.15336,0.184788,0.111005,0.14716,0.068294,0.165645,0.139644,0,0.0189525,0.0225733,0.0520296,0.0306168,0.0411375,0,0,0.0407181,0.040593,0,0,0,0,0,56,53
14,0.000157,4.566,0,0,0,0,0,0,0,0,0,0,0,0,0,0,0,0,0,0,0,0.0534963,0.244916,0.213108,0.105251,0.320865,0.0951748,0.146955,0.226354,0,0.0627163,0.080331,0.0271737,0.0119706,0.03055,0.0849902,0,0.0555567,0.203566,0.0804425,0.0735684,0.0542377,0.0335232,0.113298,0.126676,0.024196,0.138509,0.0738752,0.0671402,0.181763,0.279086,0.104355,0.173946,0.187268,0.267755,0.151202,0.10253,0.0804885,0.0832462,0,0.124393,0,0,0.0411695,0,0,0,0,0,0,0.0401262,0,0,0,0,54,53
15,0.000774,6.28,0,0,0,0,0,0,0,0,0,0,0,0,0,0,0,0,0,0,0,0,0.228952,0.228924,0.250382,0.207356,0.0282372,0.0488343,0.060176,0,0.137166,0.0165131,0.0291895,0.0913677,0.0913308,0.0159973,0.0752795,0.0912293,0.0911885,0.0498438,0.132386,0.0455244,0.0688083,0.171692,0.0971914,0.0277109,0.155673,0.144078,0.167065,0.197908,0.120537,0.319441,0.35568,0.287016,0.288788,0.281024,0.348504,0.288753,0.177936,0.119216,0.029689,0.0794329,0.0241146,0.132568,0.0881256,0.0439464,0.0454933,0.042024,0,0.0432983,0.0574359,0.0929939,0.0214772,0.0424718,0,53,53
16,8e-05,4.012,0,0,0,0,0,0,0,0,0,0,0,0,0,0,0,0,0,0,0,0.164758,0.200176,0.203299,0.376383,0.290655,0.288091,0.151611,0.147302,0.193133,0.144463,0.103863,0.0410978,0,0.123216,0.0143876,0.0266627,0.0410221,0,0,0,0.0409436,0.0618846,0.0258381,0.0349693,0.0618748,0.0311811,0.118856,0.0389282,0.144857,0.085338,0.125045,0.0877056,0.0896766,0.11272,0.0403934,0.0863207,0.0749557,0.0401811,0.0668531,0.0400451,0.0315062,0.0216881,0.0102622,0.0294163,0,0,0,0,0,0,0,0,0,0,53,52
17,0.000559,3.062,0,0,0,0,0,0,0,0,0,0,0,0,0,0,0,0,0,0,0,0.0403595,0.161423,0.172131,0.110302,0.0923625,0.0689792,0.120967,0.0913097,0.0296249,0,0.0402862,0.0402687,0.0805224,0,0.0402291,0,0.0401975,0.0443679,0.0359893,0.0633598,0.0570391,0,0.0859233,0.0342664,0,0.0167625,0.103114,0.0456235,0.0695318,0.144667,0.0858556,0.0923674,0.0240884,0.133573,0.223328,0.0970441,0.0761776,0.0788271,0.0786094,0,0.0178434,0.0212522,0.0389288,0,0,0,0,0,0.0381588,0.0380437,0.0566573,0.127083,0.00480399,0,53,51
18,0.00051,5.029,0,0,0,0,0,0,0,0,0,0,0,0,0,0,0,0,0,0,0,0.173297,0.166068,0.381694,0.137173,0.117233,0.026156,0.129998,0.151716,0.136204,0.0420655,0.022294,0.0113605,0.0309611,0.0422978,0,0.0422702,0.0552794,0.0292198,0.0883843,0.153635,0.095516,0.0637367,0.0326894,0.108024,0.111877,0.0518338,0.205712,0.0828558,0.218013,0.156799,0.250777,0.109827,0.211652,0.241121,0.20809,0.169087,0.179495,0.148516,0.124577,0,0.0187544,0.0223372,0,0.0408152,0,0.0405933,0,0.0402924,0,0.0265533,0.0531795,0.0395733,0.039402,0,52,50
19,0.000249,4.771,0,0,0,0,0,0,0,0,0,0,0,0,0,0,0,0,0,0,0,0.127716,0.17027,0.235431,0.370351,0.257616,0.390453,0.150204,0.138839,0.0737573,0.105121,0.238388,0.0814021,0.127392,0.0424515,0.042433,0.044393,0.0535035,0.0293234,0.065531,0.0191878,0.0423186,0,0.0483651,0.0361437,0.0319764,0.178913,0.0503385,0.172256,0.146682,0.199384,0.12572,0.0702682,0.226899,0.182721,0.0684842,0.0577313,0.0416145,0.0415305,0,0.0414038,0,0,0.0410615,0.0212088,0.121563,0.0205744,0,0,0,0,0,0,0.0396006,0,51,50
20,0.000153,5,0,0,0,0,0,0,0,0,0,0,0,0,0,0,0,0,0,0,0,0.0424377,0.182078,0.327077,0.179649,0.256816,0.284559,0.0848018,0.0224668,0.147059,0.0423716,0,0,0.0238316,0.145465,0,0,0.026059,0.105116,0.0378425,0.0666225,0.030197,0.0616455,0.100619,0.0360309,0.0637533,0.0741692,0.0973733,0.160821,0.182164,0.166976,0.227193,0.370234,0.240991,0.298332,0.218761,0.242698,0.192122,0.0959749,0.0289424,0.0137486,0.0187622,0.0223465,0,0.0408322,0.0407243,0,0,0,0,0,0,0,0,0,50,50
21,3.3e-05,2.006,0,0,0,0,0,0,0,0,0,0,0,0,0,0,0,0,0,0,0.031973,0.169831,0.161426,0.182855,0.139922,0.242027,0.0403288,0.0679167,0.104033,0.0296249,0,0,0,0,0,0,0,0.0401975,0.0401787,0,0.0401447,0.06372,0.0869328,0.00976802,0,0.0303156,0.0496723,0,0.00571095,0.0695318,0.0347457,0.0429278,0.12568,0.0240884,0.0155883,0,0,0.0394531,0.0523582,0.0264068,0,0,0,0.0389288,0,0,0,0,0,0,0,0,0,0,0,50,50
22,0.000144,3.117,0,0,0,0,0,0,0,0,0,0,0,0,0,0,0,0,0,0,0,0.040361,0.236514,0.177756,0.190995,0.0865168,0.11515,0.120962,0.0616789,0.0995559,0.0805881,0.0402862,0.0510804,0.0294571,0.0402466,0.0140984,0.0261268,0,0.0401787,0.0439273,0.0363823,0.0519203,0.0283062,0.0400703,0.0513657,0.0687174,0,0.0477239,0.0777728,0.104884,0.118953,0.116064,0.0923892,0.0240884,0.173194,0.144109,0.133805,0.039472,0,0,0.0654182,0.0130296,0.0756662,0.002407,0.0201072,0.0186751,0.0386215,0.0149002,0.0234943,0,0,0,0,0,0,50,51
23,0.000149,3.115,0,0,0,0,0,0,0,0,0,0,0,0,0,0,0,0,0,0,0,0.0414308,0.0414248,0.0414188,0.0925459,0.0730905,0.206988,0.0413876,0.0413821,0.0612413,0.0410823,0.104477,0,0.0826584,0.0130278,0.0282779,0.0412865,0,0.045536,0.0369426,0.0714903,0.134467,0,0.0470676,0.0527495,0.0857498,0.0666699,0.0352819,0.0488805,0.107662,0.184165,0.173051,0.225758,0.210534,0.133247,0.0708279,0.152939,0.0810157,0,0.0806917,0,0,0,0.0400066,0,0.0296884,0.0100112,0,0,0,0.0389927,0,0,0,0,50,52
24,0.000804,6.756,0,0,0,0,0,0,0,0,0,0,0,0,0,0,0,0,0,0,0,0.0478859,0.248749,0.232935,0.329563,0.426794,0.285451,0.369649,0.220435,0,0.0440655,0.0159151,0.0721767,0,0.0440136,0,0.0439811,0.131885,0.00457365,0.0832807,0.0692901,0.163033,0.0309556,0.0564687,0.131121,0.141455,0.0954703,0.214038,0.113303,0.0760397,0.0815729,0.23629,0.302484,0.207257,0.289092,0.178679,0.285022,0.409575,0.185337,0.0573146,0.22889,0.0570785,0,0.0535695,0.0755012,0.125556,0,0,0,0.0417303,0.0554185,0.0896836,0.0618744,0.0410578,0,51,53
25,0.000273,8.104,0,0,0,0,0,0,0,0,0,0,0,0,0,0,0,0,0,0,0,0.0456214,0.266797,0.522592,0.846518,0.342295,0.465957,0.467786,0.460163,0.340804,0.357097,0.185273,0.0380634,0.126389,0.113993,0.18236,0.0710799,0.0528489,0.154549,0.0228835,0.168618,0.179911,0.0884751,0,0.017839,0.0554503,0.135067,0.0248613,0.0940327,0.324164,0.20165,0.158912,0.196552,0.114708,0.172687,0.208293,0.411803,0.123336,0.0410642,0.150205,0.0136229,0.0408041,0,0,0,0.040352,0,0,0,0,0,0.0788638,0,0,0,52,53
26,0.001259,11.468,0,0,0,0,0,0,0,0,0,0,0,0,0,0,0,0,0,0,0,0.137813,0.396509,0.456676,0.50725,0.817749,0.450825,0.467003,0.374802,0.323039,0.261849,0.097597,0.220485,0.119607,0.320098,0.147545,0.116801,0.0412922,0.0432877,0,0.0682507,0.10466,0.0653217,0.212385,0.202952,0.156025,0.194751,0.0997532,0.134061,0.336414,0.235554,0.313589,0.460072,0.20211,0.348282,0.292983,0.560035,0.186918,0.367172,0.225836,0.112736,0.165003,0.172,0.0528149,0.116199,0.102543,0.0646913,0.0828371,0.105098,0.116043,0.162284,0.0680476,0.0353269,0.0454945,0,53,54
27,0.000357,7.355,0,0,0,0,0,0,0,0,0,0,0,0,0,0,0,0,0,0,0,0.172974,0,0.18442,0.420754,0.105218,0.240487,0.0864025,0.09783,0.161293,0.147669,0.1545,0.023161,0.106252,0.0431168,0.144434,0.11416,0.129209,0.0430477,0.023532,0.0194901,0.171942,0.0324854,0.0719841,0.146829,0.114043,0.246924,0.0992174,0.324886,0.520221,0.339649,0.429558,0.287209,0.269365,0.29885,0.430679,0.148459,0.293029,0.211097,0.0842747,0.0280332,0.177971,0.087385,0,0.0631484,0.0200087,0,0,0,0,0,0,0,0.0402247,0,53,55
28,0.000198,8.38,0,0,0,0,0,0,0,0,0,0,0,0,0,0,0,0,0,0,0,0.169785,0.287372,0.415515,0.549839,0.376127,0.422718,0.39799,0.404407,0.299038,0.412742,0.224606,0.162037,0.0834654,0.0712235,0.0973795,0.0326965,0.185339,0.185703,0.101038,0.0426392,0.112204,0.185265,0.138776,0.0881818,0.195636,0.139521,0.179902,0.141853,0.180817,0.244989,0.273366,0.241722,0.274972,0.149726,0.193354,0.153428,0.231591,0.106635,0.0676681,0,0,0,0,0.0207059,0.0192312,0.0810007,0.0381385,0,0,0,0,0,0,0,54,54
29,0.000813,11.162,0,0,0,0,0,0,0,0,0,0,0,0,0,0,0,0,0,0,0,0.130194,0.346272,0.589623,0.735632,0.789994,0.734452,0.472293,0.463969,0.334626,0.483409,0.190666,0.0842211,0.0841893,0.168327,0,0.0479369,0.162277,0.050765,0.140224,0.0190211,0.037014,0.1522,0.110271,0.0895388,0.198647,0.172082,0.137539,0.150766,0.508928,0.482742,0.119866,0.312309,0.416149,0.341973,0.289707,0.352928,0.197828,0.145565,0.150956,0.0957613,0.0681985,0.160795,0.00455442,0,0,0,0.0402046,0.108096,0.0302437,0.0612509,0.198105,0,0,0,55,53
30,0.001148,7.405,0,0,0,0,0,0,0,0,0,0,0,0,0,0,0,0,0,0,0,0.0417168,0.268219,0.348971,0.361628,0.20909,0.273684,0,0.0833424,0.144983,0.16631,0.0635584,0.0528003,0.0304472,0.0416028,0.0831625,0.0870126,0.203894,0.124602,0.0642155,0.108287,0.154501,0.119112,0.106956,0.106231,0.141355,0.278005,0.098656,0.0841684,0.215607,0.313665,0.222076,0.267671,0.263376,0.362942,0.169919,0.272304,0.35581,0.203567,0.0813018,0,0.0993698,0.0219665,0.0207878,0.0803707,0.0193028,0.0798391,0.0397428,0.0336153,0.0239489,0.0868134,0.0912366,0.184756,0.0487366,0,54,53
31,0.000553,9.063,0,0,0,0,0,0,0,0,0,0,0,0,0,0,0,0,0,0,0,0.0883591,0.173469,0.481814,0.405767,0.449895,0.273034,0.393973,0.134854,0.141514,0.0403787,0.14333,0.13279,0.0703345,0.0406052,0.0548188,0.148081,0.146676,0.145622,0.135301,0.12278,0.150408,0.0897393,0.233807,0.0881464,0.145452,0.228646,0.221537,0.251062,0.424457,0.333505,0.284031,0.274304,0.410093,0.300925,0.330719,0.403547,0.495573,0.206802,0,0.0395743,0.096995,0.0608461,0.0392756,0,0.0291799,0.00983976,0,0,0.0560699,0.0719943,0.0255235,0,0.0378783,0,53,53
32,0.001604,12.136,0,0,0,0,0,0,0,0,0,0,0,0,0,0,0,0,0,0,0,0.0414539,0.325822,0.389796,0.369143,0.342245,0.530201,0.487294,0.281354,0.276751,0.145675,0.0712681,0.176936,0.041348,0.041338,0.138452,0.0700727,0.217261,0.152359,0.0638121,0.174747,0.270295,0.0913589,0.126138,0.228714,0.273323,0.266574,0.168643,0.200758,0.215457,0.429235,0.339892,0.444472,0.36001,0.404614,0.605712,0.704919,0.372494,0.254755,0.404878,0.134383,0.23775,0.0837728,0.0606883,0.119751,0.128449,0.0922631,0.130878,0.136285,0.123671,0.0781506,0.135994,0.16926,0.00493426,0,53,54
33,0.000489,11.409,0,0,0,0,0,0,0,0,0,0,0,0,0,0,0,0,0,0,0,0.175778,0.366312,0.438521,0.397708,0.837319,0.549178,0.381861,0.498763,0.228597,0.35603,0.196207,0.218074,0.198958,0.0420386,0.182815,0.195304,0.0860669,0.167871,0.152716,0.0989274,0.108455,0.217467,0.200722,0.196805,0.135097,0.311647,0.276214,0.112091,0.21909,0.280051,0.189587,0.350641,0.537577,0.505812,0.512079,0.260982,0.314452,0.272146,0.221162,0.0963048,0.0372726,0.0443932,0.051209,0.030106,0,0.0402792,0,0.0339674,0.00600974,0,0.0196738,0.0540217,0.00501747,0,53,54
34,0.00051,9.797,0,0,0,0,0,0,0,0,0,0,0,0,0,0,0,0,0,0,0,0.127655,0.161992,0.311586,0.462141,0.325677,0.507422,0.380424,0.298067,0.236983,0.391358,0.119275,0.337571,0.142953,0.0130122,0.193233,0.123703,0.0514529,0.288794,0.283547,0.18458,0.0294437,0.0911939,0.0378161,0.122951,0.178892,0.219658,0.159326,0.427402,0.567902,0.37715,0.270704,0.199922,0.233067,0.229376,0.299655,0.292777,0.17511,0.158779,0.228617,0.0938685,0.0668706,0,0.159695,0,0,0.0395971,0.0394218,0.0393036,0,0.0780094,0,0.0386021,0,0,54,55
35,0.000611,12.937,0,0,0,0,0,0,0,0,0,0,0,0,0,0,0,0,0,0,0,0.179753,0.333854,0.396943,0.133361,0.310331,0.408135,0.213962,0.281214,0.144279,0.224012,0.145725,0.203832,0.167271,0.0565227,0.138384,0.257145,0.202463,0.115953,0.151548,0.295432,0.140151,0.0332038,0.0795805,0.305139,0.355537,0.387817,0.424122,0.396552,0.38708,0.481022,0.662979,0.364578,0.787828,0.671655,0.575163,0.560359,0.494694,0.496033,0.321452,0.162398,0.121546,0.148669,0.016556,0.0320934,0,0.0430007,0.0428103,0,0,0.0422937,0.0421675,0,0,0,54,54
36,0.000644,10.439,0,0,0,0,0,0,0,0,0,0,0,0,0,0,0,0,0,0,0,0.0905524,0.375043,0.425974,0.421249,0.355917,0.348652,0.269719,0.2102,0.150496,0.130082,0.102354,0.125988,0.21719,0.101748,0.221673,0.274621,0.0978397,0.220867,0.241349,0.0249815,0.155342,0.121839,0.00653385,0.149265,0.213135,0.179991,0.338997,0.576296,0.409628,0.298884,0.378279,0.125709,0.385555,0.39465,0.117906,0.251349,0.321023,0.294945,0.197819,0.197069,0.164833,0.166556,0.183661,0.0728051,0.0727994,0.176614,0,0,0,0,0.0814527,0,0,0,55,54
37,0.000198,11.312,0,0,0,0,0,0,0,0,0,0,0,0,0,0,0,0,0,0,0,0.234357,0.577333,0.575705,0.85464,0.539533,0.827168,0.663267,0.42707,0.475415,0.220258,0.245454,0.129371,0.311995,0.237892,0.14979,0.177849,0.0739258,0.115085,0.212676,0.0887183,0.0704094,0.0960591,0.0742399,0.114537,0.0682619,0.273184,0.295367,0.0899802,0.269558,0.375245,0.444895,0.213335,0.200015,0.146485,0.45984,0.384338,0.239397,0.0709384,0.101566,0.0867024,0.0576368,0,0,0,0,0,0.0424871,0,0,0,0,0,0,0,54,53
38,0.00028,5.283,0,0,0,0,0,0,0,0,0,0,0,0,0,0,0,0,0,0,0,0.126451,0.0961251,0.228232,0.0915621,0.499753,0.376102,0.112681,0.263088,0.273641,0.225876,0.204563,0.081797,0.0817756,0.040873,0,0.0816858,0,0.0858695,0.118127,0.105115,0.0579269,0,0.0465667,0.0869649,0.0697869,0.0226978,0.188092,0.0442493,0.141228,0.16127,0.0840172,0.173736,0.204505,0.151446,0.211286,0.15133,0.0680881,0.0652181,0.0534303,0.0398509,0.0132323,0,0,0,0,0,0,0.0330284,0.0446558,0.0385777,0.0384626,0,0,0,54,53
39,0.000102,5.436,0,0,0,0,0,0,0,0,0,0,0,0,0,0,0,0,0,0,0,0.0429838,0.313365,0.299744,0.276654,0.503923,0.609165,0.346446,0.15372,0.244476,0.405961,0.12617,0.113184,0.2144,0.0698937,0.0608213,0.00199667,0.083637,0.0900367,0.213439,0.191738,0.0431525,0.0602936,0.00615876,0.072965,0.0487904,0.0425824,0,0.0485901,0.074053,0.00480931,0.0778917,0.0108818,0.165141,0.125637,0.127518,0.00589186,0.078225,0,0,0,0,0,0,0,0,0.0411328,0,0,0.0407024,0,0,0,0,0,53,52
40,0.000412,5.605,0,0,0,0,0,0,0,0,0,0,0,0,0,0,0,0,0,0,0.0334206,0.17752,0.162854,0.481042,0.440202,0.283772,0.481275,0.345696,0.232887,0.0619325,0.0199417,0.10638,0.0533963,0.0728765,0.126199,0.126163,0.0840665,0,0.00874315,0.0752376,0.0727989,0.0530537,0.0633863,0.0325097,0.0716358,0.0316882,0.0937142,0.0249424,0.100242,0.036953,0.0779687,0.0864754,0.135312,0.145764,0.222469,0.178143,0.0731245,0.0412592,0.0823545,0.10956,0.123048,0.0136195,0.040825,0.0406914,0.0405908,0,0.0403116,0,0.0801417,0.0399478,0,0.0592226,0.0197848,0,0,53,52
41,0.000449,5.391,0,0,0,0,0,0,0,0,0,0,0,0,0,0,0,0,0,0,0,0.0881726,0.3106,0.289001,0.294594,0.328198,0.0422552,0.100085,0.0800909,0.0732738,0.0844431,0,0.137913,0.0308652,0.0421705,0.0843119,0.0842785,0.0421246,0.0885881,0.0377097,0.0663886,0.0721295,0.0296593,0.0601633,0.179475,0.127768,0.195292,0.183051,0.199926,0.217338,0.124639,0.114835,0.147173,0.14807,0.139939,0.0840018,0.0857311,0.1376,0.162248,0.0825837,0.0685303,0.082072,0.0792832,0.0433117,0.0406888,0,0.0404089,0.031225,0.0492348,0.07648,0.083206,0,0,0,0,52,52
42,0.000354,5.36,0,0,0,0,0,0,0,0,0,0,0,0,0,0,0,0,0,0,0,0.12294,0.708483,0.408652,0.32643,0.364906,0.249344,0.305011,0.0646948,0.090652,0.20429,0.144244,0.122667,0.0408766,0.0128861,0.0279704,0.0835701,0.0389206,0,0.0407793,0.0815198,0.0119805,0.059525,0.0157891,0.0695602,0.0465137,0.0462685,0.0348982,0.0463227,0.106492,0.00916977,0.0742569,0.133371,0.204457,0.0316544,0,0.0830925,0.133335,0.144117,0,0.106218,0.0711101,0.0984037,0.200163,0,0.068689,0.00990234,0,0,0.0775467,0.0128253,0.0256858,0,0,0,52,52
43,0.000218,4.756,0,0,0,0,0,0,0,0,0,0,0,0,0,0,0,0,0,0,0,0.123163,0.164194,0.451475,0.101345,0.226912,0,0.0820284,0.0820107,0.162359,0.124582,0,0.0519543,0.0824435,0.0703514,0.0818471,0.0428098,0.0389912,0.0451225,0.099801,0.082951,0.122832,0.0884252,0.13221,0,0.123344,0.143496,0.188389,0.125515,0.0695325,0.102028,0.0939081,0.174032,0.188951,0.207879,0.123802,0.24399,0.105551,0.0521135,0.0799836,0.0797964,0,0,0,0.118498,0,0,0,0.0330805,0.0446667,0,0,0,0,0,52,52
44,0.000592,7.995,0,0,0,0,0,0,0,0,0,0,0,0,0,0,0,0,0,0,0,0.0807219,0.219142,0.418319,0.561065,0.467324,0.239737,0.179442,0.30559,0.166705,0.427076,0.175695,0.157355,0.0634539,0.0994544,0.228723,0.164626,0.101449,0.14014,0.12008,0.122957,0.097557,0.117253,0.0653891,0.0513883,0.144168,0.181057,0.18521,0.117685,0.104884,0.351177,0.321811,0.145346,0.361179,0.18032,0.0649272,0.0942411,0.0789061,0.197048,0.183496,0.0523001,0.0391639,0,0.0778576,0,0.03873,0.0386215,0.0384505,0,0.0522482,0.0620496,0.0757462,0,0.0374304,0,52,52
45,0.000184,5.607,0,0,0,0,0,0,0,0,0,0,0,0,0,0,0,0,0,0,0,0.0894082,0.100566,0.335914,0.255855,0.204223,0.138576,0.161334,0.0428353,0.171282,0.0428092,0.10106,0.0816011,0.0553784,0.146986,0.0577299,0.0277594,0.0854297,0.085386,0.0426734,0.109972,0.0856772,0.0923648,0.0590966,0.0727911,0.113094,0.135235,0.284007,0.122858,0.149631,0.319339,0.226763,0.273052,0.298309,0.284829,0.0948639,0.242275,0.100509,0.122709,0.0280569,0,0.0415764,0.0414971,0,0.041259,0,0,0,0,0.0185043,0.0219756,0,0,0,0,52,52
46,0.00239,8.931,0,0,0,0,0,0,0,0,0,0,0,0,0,0,0,0,0,0,0,0.125608,0.329072,0.466272,0.46037,0.307127,0.432058,0.366089,0.42494,0.123353,0.186715,0.142683,0.0684665,0.0652729,0.143509,0.0834697,0.0417157,0.0834057,0.0833612,0,0.0657282,0.0836528,0.0901823,0.194402,0.17769,0.126497,0.0988025,0.109918,0.0796486,0.323981,0.185513,0.0761179,0.138536,0.298122,0.26934,0.0926224,0.0725337,0.0409475,0.176893,0.108942,0.108555,0.172421,0.0440932,0.0508157,0.0507613,0.199913,0.104829,0.170605,0.171385,0.303711,0.340179,0.157254,0.26861,0.0439308,0,52,53
47,0.000368,10.424,0,0,0,0,0,0,0,0,0,0,0,0,0,0,0,0,0,0,0,0.270649,0.5042,0.505679,0.798164,0.543138,0.480665,0.454921,0.390635,0.19056,0.170487,0.0580016,0.166428,0.182877,0.215741,0.143387,0.131576,0.264286,0.114408,0.084964,0.134034,0.0782265,0.0320704,0.052715,0.0362204,0.112587,0.255886,0.374393,0.34605,0.219395,0.404067,0.261004,0.234621,0.310012,0.275626,0.26301,0.243339,0.321336,0.234531,0.180394,0.082994,0.115435,0.0224789,0.0411758,0,0,0.0408507,0,0,0,0.0402396,0.0400592,0,0,0,52,53
48,0.000359,9.152,0,0,0,0,0,0,0,0,0,0,0,0,0,0,0,0,0,0,0,0.0962449,0.70878,0.94806,0.307591,0.777092,0.354557,0.149278,0.0839984,0.209727,0.0442785,0,0.0561316,0.120865,0,0.132642,0,0.0136176,0.09309,0.158202,0.0255124,0.114552,0.157749,0.149196,0.131738,0.259123,0.180858,0.224534,0.47575,0.15728,0.140648,0.295402,0.45809,0.271071,0.272292,0.269873,0.202582,0.352149,0.126899,0.117594,0.0862437,0.14487,0.072077,0.0429631,0,0,0.0423815,0.0845104,0,0.0191394,0.0227298,0,0,0,0,53,53
49,0.000235,13.047,0,0,0,0,0,0,0,0,0,0,0,0,0,0,0,0,0,0,0.0422,0.44,0.941,1.2184,1.2183,1.0953,0.4295,0.5666,0.2731,0.3756,0.2542,0.1217,0.0269,0.0119,0.1144,0.0421,0.1301,0.1222,0.1263,0.1548,0.2073,0.0843,0.186,0.107,0.215,0.3178,0.3698,0.1625,0.4061,0.3266,0.179,0.3213,0.3646,0.4375,0.2765,0.2887,0.3559,0.1622,0.2884,0.1096,0.0137,0.0596,0.0222,0.0408,0,0,0,0,0.0401,0,0,0,0,0,0,53,54
50,0.000164,11.127,0,0,0,0,0,0,0,0,0,0,0,0,0,0,0,0,0,0,0.0337,0.094,0.5596,1.0911,0.6341,0.4989,0.3217,0.4968,0.5283,0.5115,0.2549,0.3976,0.3471,0.2439,0.0729,0.1845,0.2415,0.1252,0.0512,0.1414,0.1462,0.1642,0.1854,0.1337,0.1445,0.0803,0.2446,0.2456,0.2241,0.292,0.2895,0.2637,0.4678,0.1345,0.4692,0.1583,0.1183,0.1094,0.0813,0.0971,0.0276,0.1564,0.0636,0,0,0,0,0,0,0,0,0,0,0,0,53,53
51,0.001203,16.119,0,0,0,0,0,0,0,0,0,0,0,0,0,0,0,0,0,0,0,0.2963,0.6778,0.64,0.7866,1.1836,0.7674,0.962,0.7083,0.3722,0.5593,0.2524,0.2801,0.3125,0.1411,0.3087,0.2771,0.109,0.3161,0.336,0.2444,0.1011,0.1215,0.1153,0.1065,0.049,0.2253,0.1581,0.2343,0.4342,0.3209,0.2604,0.2385,0.5054,0.5347,0.4586,0.4721,0.256,0.4457,0.1774,0.0407,0.1538,0.1384,0.1664,0.1013,0.1494,0.1918,0.0538,0.0243,0.0756,0.1216,0.0785,0.039,0.0389,0,54,53
52,0.000542,13.902,0,0,0,0,0,0,0,0,0,0,0,0,0,0,0,0,0,0,0,0.17081,0.516161,0.661975,0.87391,0.769164,0.570546,0.856532,0.439687,0.345132,0.456722,0.585314,0.318288,0.247215,0.247934,0.337866,0.333156,0.164669,0.0832674,0.128732,0.162467,0.0953574,0.123565,0.208698,0.17921,0.236611,0.106273,0.36199,0.259476,0.397429,0.326055,0.428777,0.142747,0.33201,0.318825,0.379633,0.323897,0.33766,0.282844,0.217441,0.0542142,0.0184863,0.062482,0.0507497,0.0909272,0.0493125,0.0101043,0.039836,0.146821,0.0119227,0,0.0392378,0,0,0,53,53
53,0.000416,10,0,0,0,0,0,0,0,0,0,0,0,0,0,0,0,0,0,0,0,0.127266,0.521338,0.561536,0.231873,0.472504,0.332975,0.156147,0.51315,0.24084,0.149075,0.115272,0.150089,0.127499,0.0303975,0.084574,0.126806,0.110553,0.18954,0.149296,0.208343,0.126925,0.186976,0.263803,0.0900279,0.151529,0.178555,0.172574,0.343293,0.180855,0.351347,0.232622,0.259422,0.199167,0.236145,0.324238,0.461139,0.404691,0.318391,0.125777,0.288746,0.238119,0.0633879,0.0105693,0.0922456,0.0500275,0.0102508,0,0,0,0.039986,0,0,0,0,53,53
54,0.000486,12.302,0,0,0,0,0,0,0,0,0,0,0,0,0,0,0,0,0,0,0,0.2844,0.5517,0.8021,1.0615,0.6832,0.8148,0.4485,0.4123,0.2804,0.3856,0.5293,0.1621,0.3242,0.1748,0.1492,0.1619,0.1993,0.2137,0.0946,0.0884,0.1034,0.1201,0.1563,0.0862,0.1607,0.0976,0.245,0.2322,0.3155,0.3547,0.2293,0.4077,0.3934,0.3169,0.2002,0.1249,0.2367,0.1152,0.0792,0.0658,0.0131,0.0393,0.0392,0.0391,0.078,0.0778,0,0.0386,0,0.0383,0.0571,0.0191,0,0,53,51
55,0.000188,7.184,0,0,0,0,0,0,0,0,0,0,0,0,0,0,0,0,0,0,0,0.130439,0.491953,0.501931,0.491947,0.521652,0.508586,0.580902,0.0800785,0.13576,0.0641541,0.157105,0.149594,0.115216,0.0421663,0.126434,0.0460642,0.0932979,0.0335054,0.121855,0.0243205,0.0968394,0.120726,0.136168,0.0179371,0.0239964,0.179252,0.222004,0.228868,0.0388259,0.173151,0.388371,0.278833,0.148043,0.0163305,0.0510349,0.117556,0.0798046,0,0.0274523,0.123323,0.0136499,0.0792689,0.0025216,0.0828106,0.110002,0.0102172,0,0,0,0,0,0,0,0,53,49
56,8.4e-05,6.83,0,0,0,0,0,0,0,0,0,0,0,0,0,0,0,0,0,0,0,0.010664,0.36596,0.242572,0.790947,0.490629,0.545062,0.49756,0.268615,0.379738,0.191869,0.109036,0.121785,0.125234,0.0834685,0.0563372,0.0270914,0.0545305,0.116495,0.0789646,0.131398,0.0350863,0.0943193,0.0423785,0.106571,0.110373,0.209105,0.143799,0.0659067,0.215081,0.103403,0.153657,0.0431593,0.17151,0.113528,0.149449,0.100589,0.066671,0.0960575,0,0.081346,0,0,0.040366,0,0,0,0,0,0,0,0,0,0,0,51,48
57,0.000673,4.382,0,0,0,0,0,0,0,0,0,0,0,0,0,0,0,0,0,0,0,0.170986,0.18935,0.238016,0.0527629,0.167043,0.250101,0.114643,0.184252,0.0853718,0,0.0853283,0.0853005,0.012002,0.0440719,0.114397,0.0425938,0,0,0,0.0671045,0.0179184,0,0.0424385,0.0362676,0.112734,0.105216,0.0252722,0.029424,0.186534,0.152598,0.143244,0.0978726,0.0840867,0.0839635,0.0838613,0.041863,0.154597,0.0679715,0.125128,0.138524,0.176031,0.0450164,0.134387,0.0716561,0,0.0817487,0,0.0406008,0,0,0.100062,0.094717,0.00508791,0,49,48
58,0.000351,3.673,0,0,0,0,0,0,0,0,0,0,0,0,0,0,0,0,0,0,0,0.164874,0.198353,0.182858,0.341641,0.294044,0.255179,0.0833621,0.0530369,0.08061,0.0190779,0.0760475,0.106274,0,0,0,0,0.0402028,0,0.0219636,0.0181912,0.0235994,0.0566125,0.045853,0.0513883,0.0532214,0.0664347,0.150838,0.0378602,0.0341795,0.03023,0.128999,0.160856,0.141315,0.0155883,0.0792002,0.0478435,0.110174,0.0523382,0.0788161,0.0261505,0.0391313,0,0,0,0,0.0771869,0.0384505,0.0383351,0.114652,0.0379865,0,0,0,0,48,48
59,0.000725,3.993,0,0,0,0,0,0,0,0,0,0,0,0,0,0,0,0,0,0,0,0.0461191,0.0922313,0.0922135,0.0461015,0.0988632,0.0962835,0.12744,0,0,0.0218001,0.0242376,0,0.0460005,0.0459931,0,0.0919155,0.0459332,0.0506986,0.0913197,0.113974,0.0651779,0,0,0.019565,0.0954566,0.132993,0.174325,0.127952,0.0807933,0.196301,0.127421,0.327446,0.0707559,0.0421712,0.0962629,0.24637,0.118576,0.0585444,0.134767,0,0,0.0446295,0.100458,0.0559142,0.0986452,0.0568945,0.0593466,0.0640094,0.0939161,0.0723403,0.0578157,0.0374748,0.00548946,0,48,49
60,0.000939,4.737,0,0,0,0,0,0,0,0,0,0,0,0,0,0,0,0,0,0,0,0,0.0433442,0.173348,0.0968388,0.0764771,0.173261,0.232523,0.157218,0.0865766,0,0.173063,0.0548661,0.0870471,0.0742857,0.0151424,0.0732745,0.0544807,0.029859,0,0.0862347,0.11153,0.125936,0.0702311,0.0735834,0.114325,0.167648,0.162008,0.0345299,0.11391,0.122283,0.0922131,0.147985,0.19041,0.164211,0.176587,0.0193028,0.0409247,0.0852151,0.112602,0.0562035,0.000958233,0.0011413,0.074213,0.176295,0.103726,0.0225309,0.0970795,0.0252341,0.0187057,0.103875,0.162383,0.0810979,0,0,48,50
0,0,0,0.104,0.111,0.12,0.129,0.138,0.149,0.16,0.172,0.184,0.198,0.213,0.229,0.246,0.264,0.284,0.305,0.328,0.352,0.379,0.407,0.437,0.47,0.505,0.543,0.583,0.627,0.674,0.724,0.778,0.836,0.898,0.965,1.037,1.115,1.198,1.287,1.383,1.486,1.597,1.717,1.845,1.982,2.13,2.289,2.46,2.643,2.841,3.053,3.28,3.525,3.788,4.071,4.374,4.701,5.051,5.428,5.833,6.268,6.736,7.239,7.779,8.359,8.983,9.653,10.373,11.147,11.979,12.872,13.833,14.865,15.974,17.165,18.446,0,0