Tiempo (min),LWC (g/m3),Cn(P/cm3),0.104,0.111,0.12,0.129,0.138,0.149,0.16,0.172,0.184,0.198,0.213,0.229,0.246,0.264,0.284,0.305,0.328,0.352,0.379,0.407,0.437,0.47,0.505,0.543,0.583,0.627,0.674,0.724,0.778,0.836,0.898,0.965,1.037,1.115,1.198,1.287,1.383,1.486,1.597,1.717,1.845,1.982,2.13,2.289,2.46,2.643,2.841,3.053,3.28,3.525,3.788,4.071,4.374,4.701,5.051,5.428,5.833,6.268,6.736,7.239,7.779,8.359,8.983,9.653,10.373,11.147,11.979,12.872,13.833,14.865,15.974,17.165,18.446,Visibilidad (m),Visibilidad corregida (m)
1,0.000234,2.792,0,0,0,0,0,0,0,0,0,0,0,0,0,0,0,0,0,0,0,0,0.0831021,0.052593,0.113573,0,0.124575,0.0415142,0.0415106,0.041498,0.0414879,0,0,0,0.0414355,0,0.0433343,0.10638,0.0986244,0.105322,0.0187301,0.0413093,0.0312187,0.065286,0.123451,0.195608,0.221835,0.106169,0.0117603,0.106784,0.0980264,0.0639552,0.170385,0.0408734,0,0.0250794,0.0185044,0.0945917,0.0244237,0.0809885,0.0404163,0,0.0376943,0.00247831,0.0207029,0.0192285,0.0412234,0.0777227,0.0394709,0.0392893,0,0,0,0,0,50,50
2,0.000585,2.85,0,0,0,0,0,0,0,0,0,0,0,0,0,0,0,0,0,0,0,0.0415386,0.083069,0.124586,0.0830478,0.0415119,0.025612,0.0158913,0,0,0,0.0149778,0.109368,0,0,0,0,0,0,0.0826727,0.0477859,0.0882611,0.0603382,0.0219564,0.105777,0.10955,0.0668457,0.0353749,0.0410778,0.0363845,0.0767691,0.0508375,0.085698,0.0778734,0.183141,0.177577,0.0904772,0.0377967,0,0.0404772,0.0269288,0.01341,0.113035,0.0474971,0,0.0297666,0.130742,0.108361,0.227684,0.0570992,0.0391544,0,0,0,0,50,51
3,0.000358,4.278,0,0,0,0,0,0,0,0,0,0,0,0,0,0,0,0,0,0,0,0.0411341,0.15878,0.1291,0.174124,0.248917,0.260069,0.16714,0.147109,0.255286,0.161805,0.146963,0.0820849,0.134636,0.0294744,0.0574728,0.147498,0.0409668,0.0819095,0.022384,0.0670412,0.117124,0,0.0467306,0.0523718,0.0542399,0.0620118,0.118696,0.0327645,0,0.112025,0.172032,0.202555,0.0809139,0.0197051,0.0206729,0.00563801,0.0748548,0.040127,0,0.0400046,0,0.0398041,0.0102483,0.0689524,0.127898,0.0298186,0,0.0662892,0.128515,0,0,0,0,0,50,51
4,0.000502,2.177,0,0,0,0,0,0,0,0,0,0,0,0,0,0,0,0,0,0,0,0,0.0807108,0.0510796,0.0699598,0.0403391,0.0403302,0.108241,0.053031,0.0403039,0,0.0402806,0.0402747,0,0,0,0,0,0.0401857,0.0219636,0.0646215,0.165999,0.0283062,0.00578275,0.0513883,0.0229058,0.00558748,0.0582334,0.147234,0.068359,0.0398457,0,0,0.0396972,0,0,0.0395452,0.0275726,0.0906275,0.0393047,0.0261649,0.0308729,0.0212522,0.077903,0,0.03873,0.0385654,0.0682509,0.221226,0.131856,0,0,0,0,0,51,51
5,0.000526,2.175,0,0,0,0,0,0,0,0,0,0,0,0,0,0,0,0,0,0,0,0,0.0419248,0.0530598,0.114587,0.0419044,0,0.0418903,0,0.0418689,0,0,0.0112284,0.030601,0,0.0417988,0.0417786,0.0546365,0.0749635,0.0830198,0.0794986,0,0,0.0416263,0,0,0.00580445,0.0357061,0,0.0367251,0.108892,0.0545608,0.00669687,0.0412387,0.0411783,0.0664414,0.0597507,0.0381506,0.163776,0.0272222,0.0407639,0.0542202,0.0405733,0.0104464,0.0508323,0.0194003,0.0816549,0.0694315,0.189992,0.115428,0.0214864,0,0,0,0,51,51
6,0.000703,2.921,0,0,0,0,0,0,0,0,0,0,0,0,0,0,0,0,0,0,0,0,0.0414837,0.0829571,0,0,0,0.0828997,0.0828817,0,0.0414185,0,0.011111,0.030281,0,0.0144927,0.0681949,0,0.123915,0.022578,0.1251,0.0173918,0.0623368,0.0200825,0.0528025,0.101803,0.0177595,0.0598622,0.0985821,0.0363412,0.00464199,0,0.0408486,0.139856,0.145612,0,0,0.0972638,0.0782071,0.121425,0.0941007,0.0317365,0.0619957,0.0903724,0.170057,0.0590108,0.0809164,0.193708,0.233004,0.0631046,0.0212617,0,0,0,0,51,50
7,0.000308,2.342,0,0,0,0,0,0,0,0,0,0,0,0,0,0,0,0,0,0,0,0,0.0418091,0,0.0417974,0,0,0.070364,0.0549419,0.0417537,0.0197653,0.0219754,0,0,0,0.0416787,0,0.0832919,0.0416337,0,0,0.149149,0.0900653,0.0516342,0,0.0628159,0.0200777,0,0,0.109879,0.127917,0.120246,0.140771,0.0783908,0.0821347,0.148278,0.179577,0.0408747,0.0408338,0,0.0812764,0.0184863,0.022018,0,0,0.0299644,0.0915973,0.0538074,0.125423,0.0178841,0,0,0,0,0,51,50
8,0.000209,0.988,0,0,0,0,0,0,0,0,0,0,0,0,0,0,0,0,0,0,0,0.00342809,0.0772881,0,0,0.040338,0.0403316,0.0403196,0,0,0,0,0,0.0402564,0,0,0,0,0.0401857,0,0.0232152,0.0169185,0.0303203,0.0498383,0,0,0,0,0,0.0353523,0.0347457,0.00959356,0.0397372,0,0,0,0.0395083,0.0394531,0.0393936,0,0,0.0391313,0.0366096,0.002407,0.0589397,0.0186751,0.115752,0.0149002,0.0234943,0.0174161,0.0206832,0,0,0,0,50,50
9,0.000429,1.417,0,0,0,0,0,0,0,0,0,0,0,0,0,0,0,0,0,0,0,0.00342809,0.0772872,0.0510764,0.0296184,0,0.0403288,0,0,0,0,0,0,0,0,0,0,0.0402028,0,0.0219636,0.0181912,0.0401206,0.0303203,0.0556211,0.0342664,0.0303156,0.00968969,0,0.0456235,0.0341795,0.03023,0.00959356,0.0397372,0,0.0589924,0.0202847,0,0.0789061,0.0393936,0,0,0,0.0366096,0.0225188,0.05765,0.0676522,0.0513179,0.142322,0.123659,0.0348322,0.0413664,0,0,0,0,50,49
10,0.000529,2.095,0,0,0,0,0,0,0,0,0,0,0,0,0,0,0,0,0,0,0,0.0419931,0,0,0.0938061,0.164099,0.035883,0.0419535,0,0,0,0,0,0,0,0,0,0.041827,0.0418019,0.022851,0.0606926,0.0417415,0,0.00601637,0.0356508,0.157702,0.0504058,0,0.05935,0.106681,0.082911,0,0.0413653,0,0.0412595,0.0411806,0.0440017,0.0792749,0,0,0.0408095,0.0593103,0.0221108,0.0614258,0.0808986,0.0194296,0.041713,0.158544,0.22116,0.0179595,0,0.0394032,0,0,0,50,49
11,0.000396,2.324,0,0,0,0,0,0,0,0,0,0,0,0,0,0,0,0,0,0,0,0,0.104806,0.104793,0.117082,0.0924586,0.0523686,0,0.0523497,0,0,0.0523132,0,0,0.0522618,0.104488,0,0.0843795,0.0721999,0.0285207,0.0236219,0,0,0.156099,0,0.039366,0.019838,0.0446326,0.0074159,0.0443834,0.0785097,0.0765995,0.0540486,0.100675,0,0,0.106294,0.0476883,0.0025564,0,0,0.0231703,0.0275968,0.114218,0.0399517,0.0375567,0.116717,0.165463,0.0305083,0,0.0164028,0.0328506,0,0,0,49,50
12,0.001301,3.465,0,0,0,0,0,0,0,0,0,0,0,0,0,0,0,0,0,0,0.0434493,0.0434456,0.0621308,0.0912758,0.160809,0.0395146,0.0805336,0.0434055,0.0114996,0.0527221,0.0430801,0.06619,0,0,0,0,0,0,0,0.0905161,0.0641511,0.0740985,0.063106,0.0105144,0,0,0.0060144,0.0369976,0.0061473,0.0748445,0.0477509,0,0,0,0.148815,0.0218346,0,0.084935,0.0563155,0.197687,0.0422229,0,0.204936,0.0998613,0.072827,0.0933962,0.408573,0.325478,0.285247,0.0249405,0.145115,0,0,0,0.0401668,49,50
13,0.000232,3.43,0,0,0,0,0,0,0,0,0,0,0,0,0,0,0,0,0,0,0,0.0403595,0.121066,0.131775,0.0699621,0.161344,0,0.080644,0,0.0193549,0.0612384,0.095117,0.0257247,0,0.0126916,0.148247,0.0804295,0.0401975,0,0.0401637,0,0.0802412,0.0303203,0.141544,0.102777,0.106443,0.11052,0.0926048,0.118744,0.242775,0.074007,0.22566,0.113636,0.165404,0.169429,0.0994849,0.0790536,0,0.0394136,0,0,0.0391313,0.0390566,0,0.0388325,0,0.0386215,0.0918011,0.0234943,0.0382174,0,0,0,0,0,50,50
14,0.00035,3.711,0,0,0,0,0,0,0,0,0,0,0,0,0,0,0,0,0,0,0,0.00350385,0.137993,0.312189,0.0509172,0.11401,0.16488,0.123645,0.0412011,0.0609794,0.101588,0.129157,0.142136,0.0602161,0.0822754,0.0555319,0.108915,0.0558056,0.119111,0.118467,0.0609145,0.0172924,0,0,0.0175003,0.085383,0.0255186,0.0595203,0.0339413,0.177072,0.111753,0.128434,0.0537933,0,0.0810675,0.024896,0.136762,0.0403249,0.0534948,0.0671637,0,0.0182377,0.0217218,0.0899027,0.0500135,0.0882351,0.12984,0.0530837,0.0904953,0.0117624,0,0,0,0,0,50,50
15,0.000236,6.138,0,0,0,0,0,0,0,0,0,0,0,0,0,0,0,0,0,0,0,0.122695,0.257252,0.437855,0.35632,0.597703,0.595069,0.210368,0.337611,0.152539,0.386797,0.269834,0.282249,0.12238,0.040778,0.0815274,0.0407469,0,0.0407126,0,0.0470474,0.0749405,0.0307233,0.0622198,0.086793,0.0232102,0.0631609,0.163492,0.108748,0.140912,0.0801583,0.0772754,0.0552623,0.0383349,0,0.160487,0.00280283,0.117167,0.079834,0,0,0.0793026,0.0395757,0.0496356,0.0495825,0.0189233,0.0390779,0.0540597,0.0238066,0.0386659,0,0,0,0,0,50,50
16,0.000575,2.704,0,0,0,0,0,0,0,0,0,0,0,0,0,0,0,0,0,0,0,0.00377947,0.0852082,0.0563152,0.0771319,0.0444726,0,0.14976,0.0280492,0.044435,0,0.0160446,0.0283615,0.0443863,0.0443755,0.0155435,0.0731391,0,0.0489156,0.0396782,0.0698542,0.0186527,0.0334282,0.0107692,0.0188769,0.125522,0.0761295,0,0.00629632,0.0766588,0.136768,0.124514,0.00918601,0.04171,0.0213169,0.0223639,0.046628,0.127504,0.0577249,0.0291135,0.0432768,0.0628505,0.147215,0.0482264,0.0221682,0.0524761,0.0123752,0.116079,0.201637,0.145306,0,0,0,0,0,50,49
17,0.000288,6.36,0,0,0,0,0,0,0,0,0,0,0,0,0,0,0,0,0,0,0,0.16698,0.323505,0.185198,0.223427,0.379507,0.318412,0.338276,0.189084,0.0408166,0.0816129,0.0963325,0.107629,0.133799,0.110812,0,0.0426338,0.0513728,0.0730835,0.188348,0.220457,0.237436,0.0307078,0.0333194,0.138817,0.092109,0.248885,0.176933,0.0892628,0,0.24353,0.370596,0.157569,0.15704,0.0401456,0.104844,0.215579,0.17576,0.143735,0.0796632,0.039755,0.0396644,0,0.0394263,0,0.0292918,0.0880508,0.0150906,0.0955574,0.00582757,0,0,0,0,0,50,48
18,0.000318,5.235,0,0,0,0,0,0,0,0,0,0,0,0,0,0,0,0,0,0,0,0.0409913,0.204916,0.215778,0.172234,0.320351,0.382018,0.289407,0.0947961,0.122791,0.0409186,0.0966031,0.0670236,0.122662,0.122619,0.0960359,0.0673719,0.0408285,0.00424731,0.0773383,0.064346,0.0699102,0.059539,0.050614,0.0173884,0.0540497,0.0674687,0.201652,0.1985,0.141228,0.0705729,0.0937601,0.254514,0.189876,0.147467,0.287583,0.0555658,0.0400671,0.0262922,0.0935521,0,0.0578945,0.0984269,0.00244446,0.0204202,0.087671,0.0113994,0.106925,0.0866518,0,0,0,0,0,0,49,49
19,0.000309,5.719,0,0,0,0,0,0,0,0,0,0,0,0,0,0,0,0,0,0,0,0.132057,0.295971,0.193935,0.244027,0.265231,0.488336,0.134655,0.171019,0.0427435,0.0629721,0.0652206,0.0541723,0.128666,0.0733586,0,0.00397672,0.137087,0.0339205,0.03817,0.0246218,0.0604953,0,0.0424983,0.0544781,0.105034,0.112865,0.185286,0.105591,0.14749,0.158222,0.212607,0.193525,0.190002,0.0370394,0.24112,0.336644,0.313507,0.040037,0.0838062,0.0554691,0.143501,0.0613678,0.0438886,0.0426511,0.0806902,0,0,0.040658,0.0405331,0,0,0,0,0,48,50
20,0.00037,3.161,0,0,0,0,0,0,0,0,0,0,0,0,0,0,0,0,0,0,0,0.135528,0.0451704,0.102339,0.213775,0.0903033,0.0451417,0.0451298,0.0902476,0.0451123,0.0451013,0,0.0450729,0.0901218,0.0900963,0.0608089,0.0763618,0.132899,0,0,0.0898681,0.0449071,0,0,0.0191646,0.0256385,0.00625409,0.0398074,0.0136842,0.0765144,0.133798,0.119172,0.0589092,0,0.0443886,0.0443245,0.176949,0.0308621,0.101485,0.0439939,0.0878408,0,0.0437162,0.0773907,0.16431,0.170805,0.108228,0.0430377,0.0364022,0.0064405,0,0,0,0,0,49,51
21,0.000519,4.147,0,0,0,0,0,0,0,0,0,0,0,0,0,0,0,0,0,0,0,0.0438321,0.169191,0.236854,0.130074,0.20874,0.131388,0.13137,0.131338,0,0,0.131232,0,0.0560244,0.0314077,0,0,0,0.043641,0.0872343,0.0435965,0.0128143,0.0636675,0.0168879,0.0372127,0.0329222,0.0842829,0.238461,0.140208,0.111355,0.0761011,0.0104184,0.00204755,0.153466,0.167128,0.0650137,0.0489334,0.165496,0.0855614,0.128079,0.113641,0.137968,0.0461591,0.0531965,0.117147,0.0405618,0.172938,0.123006,0.0782256,0.0477522,0,0,0,0,0,50,51
22,0.000422,5.59,0,0,0,0,0,0,0,0,0,0,0,0,0,0,0,0,0,0,0,0.0444289,0.177913,0.197954,0.275624,0.339242,0.217973,0.0565728,0.163604,0.284622,0.203847,0.206517,0.081715,0.122542,0.0945367,0.123889,0.0673043,0.0407876,0.167296,0.0772607,0.0407286,0.0814084,0.0615227,0.0604733,0.017371,0.084752,0.0309988,0.118161,0.177272,0.21044,0.101172,0.14378,0.0871927,0.0402746,0.119682,0.161669,0.120324,0,0.159846,0.0398764,0.106194,0.0529195,0.156016,0.0623874,0.0788882,0.0582401,0.00345235,0.169721,0.0957241,0.00583773,0,0,0,0,0,51,51
23,0.000352,3.472,0,0,0,0,0,0,0,0,0,0,0,0,0,0,0,0,0,0,0,0.133905,0.0397167,0.143892,0.1722,0.119956,0.0867459,0,0.0982008,0.03186,0,0,0.0866137,0,0,0,0.0885185,0.0844611,0.00899549,0.167844,0.0640939,0.147638,0.0326079,0.016724,0.0552653,0.0246339,0.0490082,0.0882891,0.0836404,0.112797,0.215118,0.173045,0.0516957,0.0833787,0.0207938,0.0480105,0.186369,0.04245,0.169506,0,0.0703231,0.0560962,0.0813749,0.0134032,0.0309997,0,0.0847325,0.0831728,0.0412274,0.0822015,0,0,0,0,0,51,50
24,0.001392,6.776,0,0,0,0,0,0,0,0,0,0,0,0,0,0,0,0,0,0,0,0,0.0598648,0.316791,0.196852,0.269438,0.270721,0.198718,0.23544,0,0.0615802,0.147336,0.13651,0.17933,0.169804,0.0571432,0.0436597,0.123139,0.0460161,0.101762,0.0429445,0.017547,0,0.053554,0.0710787,0.0943253,0.083207,0.120793,0.216694,0.143013,0.169987,0,0.0863603,0.210786,0.0734654,0.224206,0.106966,0.0790272,0.0951394,0.136121,0.0814094,0.113224,0.0625492,0.243734,0.201567,0.309747,0.290276,0.212359,0.332941,0.249697,0.013101,0.0262379,0,0,0,51,50
25,0.000983,8.526,0,0,0,0,0,0,0,0,0,0,0,0,0,0,0,0,0,0,0,0.256843,0.250842,0.43392,0.59905,0.385029,0.309424,0.289344,0.0427549,0.212041,0.129901,0.100889,0.112707,0,0,0.0426744,0,0.0426388,0.0426206,0.0851947,0.152353,0.0855246,0.0600428,0.0972628,0.0908448,0.120751,0.18175,0.171124,0.222714,0.367481,0.10528,0.192766,0.111142,0.213572,0.263816,0.231452,0.253626,0.184058,0.108719,0.180721,0.138749,0.31971,0.0676197,0.145193,0.186165,0.213791,0.240344,0.1994,0.278441,0.00610268,0,0,0,0,0,50,50
26,0.000179,4.516,0,0,0,0,0,0,0,0,0,0,0,0,0,0,0,0,0,0,0,0.0821814,0.0821743,0.0821627,0.256091,0.318893,0.123172,0.246316,0.164173,0.0197052,0.10337,0.0706452,0.0933782,0.08197,0.0409715,0.0409611,0.0019087,0.092573,0.122903,0.109922,0,0.05286,0.0288185,0.0874785,0.0523184,0.0541846,0.0155537,0.107875,0.0685714,0.176379,0.142093,0.171636,0.268253,0.180491,0.136996,0.0650965,0.0987629,0.0373892,0.173605,0.0535637,0.133174,0.0797122,0.0397635,0.0499175,0.0688821,0.0294457,0.00992939,0,0,0,0,0,0,0,0,50,50
27,0.000286,4.472,0,0,0,0,0,0,0,0,0,0,0,0,0,0,0,0,0,0,0,0.126784,0.325255,0.205436,0.0918056,0.154648,0.0664068,0.236159,0.149056,0.0820799,0.0798828,0.125241,0,0.0409916,0.163923,0,0.081894,0.0126177,0.0734864,0.0366466,0.0645171,0.0412579,0.0576465,0,0.0348693,0.108387,0.101159,0.0242978,0.19638,0.176407,0.121125,0.233184,0.0601558,0.00202111,0.100414,0.181949,0.126417,0.102867,0.132437,0.0533665,0.053271,0.071316,0.0614103,0,0.0395418,0.108325,0.0884706,0.0543251,0.0239235,0,0,0,0,0,0,50,50
28,0.000957,5.959,0,0,0,0,0,0,0,0,0,0,0,0,0,0,0,0,0,0,0,0.0463103,0.270805,0.462377,0.274705,0.183247,0.127953,0.0426431,0.0852658,0.0426206,0,0,0,0.0851523,0,0.042544,0,0.0556206,0.2038,0.0380602,0,0.0124787,0.0620001,0.0950822,0,0.06412,0.0982318,0.24333,0.0290787,0.109679,0.0890526,0.112597,0.311881,0.198423,0.260167,0.203939,0.29907,0.100062,0.260724,0.0558527,0.124506,0.0828349,0.121324,0.0649834,0.0609673,0.184049,0.147848,0.17588,0.255798,0.133358,0.0401723,0,0,0,0,50,50
29,0.000594,5.612,0,0,0,0,0,0,0,0,0,0,0,0,0,0,0,0,0,0,0,0.0481276,0.167477,0.207168,0.440675,0.34029,0.25954,0.074652,0.191223,0.0885947,0.284351,0.279038,0.156952,0.20938,0.0581814,0.134211,0.16133,0.0441817,0.0883297,0,0.0696398,0.0626926,0,0.0944397,0.0564817,0.0584964,0.0607369,0.0640052,0.111682,0.0764235,0.202801,0.0648357,0.0894718,0.0945339,0.121423,0,0.0434447,0.0867269,0.0866401,0,0,0.172111,0,0.0110526,0.0758823,0.11541,0.18195,0.141607,0.187973,0.0483297,0,0,0,0,0,50,50
30,0.001104,5.661,0,0,0,0,0,0,0,0,0,0,0,0,0,0,0,0,0,0,0,0.0818813,0.140416,0.197917,0.253879,0.185365,0.0818154,0.0968882,0.159311,0.0709336,0,0.152097,0.0521871,0.0408368,0.040827,0.0551137,0.0672991,0,0.0857587,0.0995233,0.0591722,0.0239377,0.118934,0.0604609,0.0521021,0.0697026,0.0867792,0.0590682,0.0220979,0.106388,0.0802412,0.124288,0.167833,0.113568,0.187707,0.141079,0.280673,0.0800566,0.0661984,0.186517,0.106129,0.0793846,0.153502,0.0252831,0.316609,0.0861655,0.283891,0.192574,0.295891,0.133746,0.0385311,0,0,0,0,50,50
31,0.000246,4.724,0,0,0,0,0,0,0,0,0,0,0,0,0,0,0,0,0,0,0,0.173911,0.124085,0.0538756,0.273983,0.225307,0.409103,0.101347,0.150097,0.210447,0.212229,0.0648634,0.0114008,0.0854924,0.0729603,0,0.0424246,0.0554755,0.114091,0.150259,0.0191878,0.0423186,0.0639628,0.0267059,0.0722635,0.144251,0.0846218,0.122847,0.0823347,0.0751437,0.162735,0.129244,0.134577,0.107185,0.0786666,0.188455,0.0416727,0.0416145,0,0.0276403,0.0551954,0,0.0823927,0.133839,0.133533,0.06055,0.0422306,0.0390647,0,0,0,0,0,0,0,50,50
32,0.00055,6.232,0,0,0,0,0,0,0,0,0,0,0,0,0,0,0,0,0,0,0,0.0460098,0.138007,0.367962,0.240735,0.455682,0.371875,0.204554,0.19832,0.0459431,0.0894265,0.0942775,0.150034,0.210017,0.251015,0.0933358,0.12147,0.137472,0,0.0457833,0.0457616,0,0,0.182707,0.0195176,0.0261107,0.0911537,0,0.143001,0.0389618,0.0908417,0.0907416,0.232958,0.129377,0.134451,0.344814,0.197584,0.134941,0.0905258,0.0612474,0.0596353,0.124443,0.155,0.0471712,0.0671864,0.0654371,0.0897282,0.147713,0.108892,0.026412,0.0235771,0,0,0,0,50,50
33,0.000329,3.225,0,0,0,0,0,0,0,0,0,0,0,0,0,0,0,0,0,0,0,0.041404,0.219032,0.153522,0.206927,0.00599409,0.159492,0.152404,0.024008,0.0717333,0,0,0.0110876,0.0715189,0,0,0,0.0824696,0.0824382,0.0225304,0.0186606,0.0121042,0.0601394,0.0100201,0,0.0310979,0.0271348,0.130253,0.0750069,0.141449,0.0356423,0.119059,0.0966851,0.0635185,0.157848,0.0208082,0.0490781,0.153507,0.16162,0.0672248,0.0134127,0.080349,0,0.0502954,0.0501949,0.0986159,0.0410704,0.0379915,0.0786488,0.0392036,0,0,0,0,0,50,50
34,0.000386,5.428,0,0,0,0,0,0,0,0,0,0,0,0,0,0,0,0,0,0,0,0.0819305,0.216723,0.438579,0.151687,0.24053,0.221897,0.0818522,0.0409142,0.0605547,0.143954,0.070426,0.215723,0.0817223,0.0945738,0.0688,0.040815,0,0.122349,0.0407654,0.023563,0.0291484,0.0287303,0.0641481,0.208633,0.154535,0.0423545,0.187984,0.177348,0.174648,0.187277,0.100271,0.0442849,0.10314,0.136539,0.129813,0.199822,0.179854,0.105144,0.199751,0.172594,0.0132247,0,0.0790701,0,0.0293555,0.00989898,0.0390265,0.149738,0.0445707,0,0,0,0,0,50,50
35,0.000448,8.018,0,0,0,0,0,0,0,0,0,0,0,0,0,0,0,0,0,0,0,0,0.270516,0.225337,0.493006,0.393049,0.49301,0.217726,0.282666,0.246302,0.277945,0.365989,0.226076,0.270046,0.361832,0.0857405,0.0878537,0.141708,0.372139,0.1324,0.131018,0.13413,0.0624699,0.193521,0.109514,0.178027,0.101765,0.160727,0.0767859,0,0.181551,0.0661869,0.0532294,0.0806247,0.147355,0.1157,0.0745237,0.168219,0.195448,0.056276,0.0975566,0.132295,0.0226454,0.16602,0.0413783,0,0.00627306,0.214703,0.100537,0.00613125,0,0,0,0,0,50,51
36,0.000569,4.532,0,0,0,0,0,0,0,0,0,0,0,0,0,0,0,0,0,0,0,0.0821691,0.0998338,0.0753946,0.131573,0.362157,0.259761,0.125899,0.0539822,0.0410244,0,0.014814,0.0371887,0.0825028,0.0294397,0.0143513,0.0265955,0.0126137,0.0325563,0.118403,0.0644963,0.0700736,0.028814,0,0.0871451,0.116583,0,0.0971599,0.0945188,0.245936,0.121086,0.192594,0.100631,0.138491,0.143185,0.106402,0.0987472,0.145791,0.0653502,0.0669149,0.0399284,0.119533,0.0397572,0.0600996,0.0982131,0.137731,0.255456,0.030335,0.127828,0,0.038726,0,0,0,0,50,51
37,0.000205,4.082,0,0,0,0,0,0,0,0,0,0,0,0,0,0,0,0,0,0,0,0.0823646,0.0823523,0.178236,0.201928,0.378632,0.362094,0.113793,0.21655,0.112468,0.0389305,0.181436,0.149518,0.0231247,0.0590163,0.164198,0.0820712,0.0410137,0,0,0,0.0120393,0.0907529,0.0667167,0.0349622,0.0309311,0.0506808,0.0486929,0.120075,0.107014,0.0400585,0.0437994,0.0895891,0.0791036,0.0808878,0.0807703,0.0403105,0.0684059,0.0924676,0.0668642,0.053362,0.039959,0.0373529,0.0422214,0.0205155,0.0190543,0.0788113,0.0784623,0,0,0,0,0,0,0,51,51
38,0.000837,6.64,0,0,0,0,0,0,0,0,0,0,0,0,0,0,0,0,0,0,0,0.0949966,0.197967,0.290042,0.145855,0.149798,0.214463,0.213232,0.117438,0.146287,0.160114,0.0909524,0.103131,0.0332543,0.0454347,0.0454231,0.090802,0,0.045358,0,0.143055,0.155425,0.098139,0.0693191,0.135354,0.111799,0.0749986,0.143344,0.114709,0.0385854,0.10238,0.0701219,0.329882,0.305279,0.134267,0.178777,0.0954476,0.171995,0.385045,0.268968,0.194153,0.108483,0.109412,0.0906624,0.0226991,0.173829,0.156017,0.167725,0.262445,0.0430777,0,0,0,0,0,51,52
39,0.0005,4.608,0,0,0,0,0,0,0,0,0,0,0,0,0,0,0,0,0,0,0,0.194578,0.145911,0.207456,0.181565,0.0972281,0.127206,0.230923,0.127838,0.120472,0.219487,0,0.0485328,0.0970397,0,0,0,0.0484533,0.0484327,0.0529421,0.092232,0.0625755,0.143744,0.180199,0.0206357,0.0641436,0.0184124,0.0414252,0.0618694,0.0823877,0,0.0881452,0.153894,0.143532,0.117683,0.168752,0.19051,0.0332311,0.0617483,0.142171,0,0.0944023,0.0470719,0.105955,0.0589742,0.0573654,0.152968,0.126894,0.142031,0.00693489,0,0,0,0,0,51,52
40,0.001104,8.087,0,0,0,0,0,0,0,0,0,0,0,0,0,0,0,0,0,0,0,0,0.0444002,0.221968,0.187969,0.0911941,0.280755,0.283168,0.133068,0.133027,0.132994,0.0603289,0.119134,0.0816947,0.184018,0.0155113,0.0771225,0.111616,0.203007,0.16757,0.132504,0.0701059,0.129004,0.06558,0,0.100061,0.238678,0.241587,0.104417,0.267105,0.258972,0.321625,0.270368,0.208483,0.182307,0.174234,0.173953,0.394898,0.272264,0.086715,0.417331,0.0430888,0.166499,0.070254,0.151012,0.0318208,0.311228,0.285613,0.327751,0.0610396,0,0,0,0,0,52,51
41,0.000329,5.706,0,0,0,0,0,0,0,0,0,0,0,0,0,0,0,0,0,0,0,0.0421605,0.126465,0.137651,0.377977,0.116515,0,0.113073,0.181736,0.0842078,0.042094,0.0420831,0,0,0.0420418,0.0987818,0.195348,0.167979,0.0419781,0.129797,0.110757,0.0776715,0.122483,0.134326,0.232631,0.166786,0.137245,0.143618,0.0893513,0.0726332,0.192743,0.249238,0.06959,0.275035,0.150869,0.254478,0.183895,0.196847,0.213555,0.16487,0.0410042,0.0818215,0.0790413,0.0641884,0.100786,0.0706698,0.0101879,0.0311297,0.0490846,0,0,0,0,0,0,52,52
42,0.00057,4.98,0,0,0,0,0,0,0,0,0,0,0,0,0,0,0,0,0,0,0,0.0486493,0.0603245,0.0255399,0,0.134443,0.0448066,0.1344,0.0447903,0,0.110732,0.0235661,0,0.0894591,0.0894266,0.0447038,0.0893596,0.103094,0.120174,0.138051,0.0850238,0.0131098,0.0651359,0.106316,0.0761169,0.050898,0.139473,0.0381877,0.0022172,0,0.244252,0.0583528,0.143824,0.110828,0.257966,0.199581,0.0562084,0.430487,0.330256,0.321423,0.101752,0.112114,0.174684,0.0361914,0.13922,0.107297,0.026577,0.182718,0.0261029,0.0423955,0,0,0,0,0,51,54
43,0.000249,4.513,0,0,0,0,0,0,0,0,0,0,0,0,0,0,0,0,0,0,0,0.00342809,0.175365,0.227301,0.419826,0.228917,0.155475,0.12097,0.0913078,0.210191,0.0209442,0.0548335,0.106271,0.0113323,0.0691641,0.0140984,0.0663438,0,0.00418221,0.0981167,0.081551,0.0169185,0,0.045853,0.0513883,0.083537,0.167265,0.219581,0.0834837,0.174416,0.133084,0.119406,0.0416444,0.156924,0.138289,0.139066,0.121365,0.0367245,0.0917518,0.0919405,0.0784935,0.0700368,0.0578618,0.0413358,0.0388325,0,0.0385654,0.0682509,0.0469887,0,0,0,0,0,0,52,53
44,0.000209,5.199,0,0,0,0,0,0,0,0,0,0,0,0,0,0,0,0,0,0,0,0.164871,0.238707,0.212474,0.361849,0.278724,0.285909,0.11152,0.0403142,0,0.0805881,0.135403,0.0659994,0.0918513,0.122102,0.0677846,0.080438,0.0927864,0.0278004,0.0219636,0.0181912,0.0755197,0.145559,0.0711718,0.119899,0.18998,0.169882,0.140329,0.287699,0,0.189613,0.162333,0.048091,0.149795,0.205321,0.143121,0.0942411,0.0275726,0.051274,0.039329,0.0261649,0.0521934,0.112276,0.0148699,0.028825,0.0676522,0.0483183,0.0149002,0.0234943,0,0,0,0,0,0,54,53
45,0.001277,8.15,0,0,0,0,0,0,0,0,0,0,0,0,0,0,0,0,0,0,0,0.0887227,0.0443538,0.144837,0.230752,0.207274,0.0822341,0.0886371,0.200722,0.242327,0,0.164822,0.124575,0.197503,0.132711,0,0.0442076,0.0136196,0.0861261,0.0791128,0.0882473,0.0259384,0.0955492,0.149218,0.0753006,0.150313,0.182211,0.165789,0.311101,0.191703,0.0941008,0.295446,0.295817,0.433339,0.250016,0.18623,0.0798904,0.187744,0.371797,0.187877,0.129372,0.178335,0.233786,0.0273963,0.301909,0.293915,0.36732,0.237842,0.329529,0.0609139,0,0,0,0,0,53,52
46,0.000293,5.991,0,0,0,0,0,0,0,0,0,0,0,0,0,0,0,0,0,0,0,0.0877216,0.248834,0.210304,0.178095,0.158312,0.210195,0.126099,0.0951811,0.113245,0.0436645,0,0.0839521,0.0537793,0.114053,0,0.125766,0.0548186,0.0752281,0.06041,0.0850086,0.0840574,0.122224,0.044476,0.19642,0.166434,0.101101,0.303512,0.40478,0.325548,0.166999,0.0894957,0.143602,0.276399,0.151561,0.0877949,0.263048,0.152139,0.176014,0.164572,0.122723,0.0816147,0,0.0405793,0.0209597,0.0496154,0.0503669,0.0310639,0.0489809,0,0,0,0,0,0,53,51
47,0.00032,6.146,0,0,0,0,0,0,0,0,0,0,0,0,0,0,0,0,0,0,0,0.163574,0.327111,0.1744,0.111758,0.292009,0.141885,0.0565011,0.0816909,0.0604439,0.143701,0.0816304,0.122407,0.052273,0.0957954,0.137348,0,0.0814563,0.00847485,0.17657,0.0419529,0.0697476,0.0901211,0.0662523,0.104111,0.215696,0.108087,0.270834,0.217419,0.31643,0.190932,0.170811,0.263142,0.118774,0.220476,0.301356,0.205811,0.142348,0.0918239,0.0265506,0.0795008,0.15029,0.0586256,0.0916049,0.0495782,0.0189217,0.0782058,0.0389581,0.0388412,0,0,0,0,0,0,52,50
48,0.000726,7.607,0,0,0,0,0,0,0,0,0,0,0,0,0,0,0,0,0,0,0,0.00366444,0.212025,0.195466,0.245943,0.217963,0.186558,0.175315,0.142879,0.0637695,0.151605,0.0430638,0.0115539,0.0866402,0.0739364,0.0860132,0.00400804,0.151413,0.102383,0.128799,0.0429125,0.0983867,0.159901,0.0417659,0.0549072,0.235484,0.14324,0.113263,0.222206,0.0377897,0.357327,0.229668,0.189806,0.283438,0.303244,0.460021,0.187553,0.39943,0.208192,0.268634,0.0846054,0.102686,0.265367,0.226629,0.0308124,0.0414002,0.331608,0.162894,0.0409782,0,0,0,0,0,0,51,50
49,0.000237,8.747,0,0,0,0,0,0,0,0,0,0,0,0,0,0,0,0,0,0,0,0.0900832,0.298743,0.227452,0.377213,0.487498,0.542311,0.426744,0.356561,0.107015,0.365205,0.147246,0.211554,0.0867636,0.117121,0.0430696,0.00200695,0.110604,0.111487,0.124078,0.217577,0.165071,0.0989974,0.179151,0.165035,0.203375,0.316246,0.238107,0.159335,0.296482,0.28434,0.343981,0.282955,0.247345,0.304725,0.043696,0.254717,0.0845103,0.210856,0.042102,0.042021,0.0382029,0.126503,0.0442989,0.0430498,0.0399838,0.00157555,0.039647,0,0,0,0,0,0,0,50,50
50,0.000368,4.794,0,0,0,0,0,0,0,0,0,0,0,0,0,0,0,0,0,0,0,0.0903288,0.182192,0.302086,0.118398,0.092862,0.0370201,0.0729016,0.123135,0.127633,0.12946,0.0660064,0.0432233,0,0,0.086377,0.0431721,0.185905,0.116101,0,0.0430901,0,0.0976349,0.0806714,0.0551587,0.122206,0.202867,0,0.232595,0.261846,0.127053,0.0563749,0.0516194,0.151683,0.185901,0.180807,0.20536,0.166483,0.085241,0.0858203,0.0863413,0.0191525,0.0621071,0.0443686,0,0.0931328,0.115775,0.13829,0.0252181,0,0,0,0,0,0,50,52
51,0.000757,9.766,0,0,0,0,0,0,0,0,0,0,0,0,0,0,0,0,0,0,0,0.127434,0.273098,0.216633,0.401998,0.182106,0.284811,0.127311,0.223377,0.158431,0.0424078,0.0153154,0.123211,0.0733726,0.0557082,0.10101,0.0973108,0.0976478,0.156123,0.280683,0.215223,0.192501,0.0936071,0.123156,0.181162,0.161437,0.115688,0.478032,0.353591,0.363405,0.424926,0.395187,0.127866,0.333327,0.447006,0.413322,0.175673,0.138203,0.287395,0.165699,0.289052,0.18856,0.165465,0.249802,0.163662,0.100182,0.145501,0.134098,0.105413,0,0,0,0,0,0,50,53
52,0.000276,5.984,0,0,0,0,0,0,0,0,0,0,0,0,0,0,0,0,0,0,0,0.0527518,0.0931044,0.304565,0.118514,0.354504,0.0971635,0.227541,0.209571,0.0971005,0.022982,0.109137,0.123512,0.0839797,0,0,0.0968936,0.0484235,0.150241,0.144654,0.130143,0.248778,0.138822,0.0535637,0.247672,0.0365194,0.148724,0.307991,0.155528,0.251282,0.137152,0.153769,0.264163,0.242579,0.227437,0.144257,0.149467,0.136029,0.0474551,0,0,0.0925269,0.0512025,0.0468952,0.0242219,0.0224968,0.0529504,0.137253,0,0,0,0,0,0,0,52,54
53,0.005967,20.462,0,0,0,0,0,0,0,0,0,0,0,0,0,0,0,0,0,0,0,0.252,0.3301,0.574,0.9951,0.4159,0.5654,0.4532,0.5749,0.5845,0.379,0.2247,0.2588,0.2289,0.0815,0.2409,0.14,0.0528,0.1587,0.2085,0.1697,0.0352,0.1262,0.0824,0.0356,0.2054,0.1174,0.2176,0.1926,0.2171,0.1285,0.2535,0.2552,0.2404,0.2127,0.3401,0.199,0.2025,0.2885,0.3551,0.49,0.5358,0.792,0.6893,0.7397,0.89,1.7644,1.814,1.4713,0.4632,0.1798,0.0394,0,0,0,53,53
54,0.000181,6.693,0,0,0,0,0,0,0,0,0,0,0,0,0,0,0,0,0,0,0,0.122565,0.239405,0.313319,0.365001,0.51754,0.157385,0.328691,0.223478,0.223162,0.100885,0.132479,0.429896,0.111315,0.0664291,0.151491,0.191175,0.0889739,0.210836,0.25307,0.0787402,0.0290695,0.0593437,0.114422,0.173405,0.046372,0.0517833,0.0937376,0.114415,0.175362,0.34294,0.190288,0.124509,0.141156,0.0754744,0.0606174,0.0828208,0.117084,0,0.106096,0.0132352,0.0792859,0,0.0495839,0.0495308,0.0189036,0.00297957,0.0749775,0,0,0,0,0,0,0,54,53
55,0.001012,8.799,0,0,0,0,0,0,0,0,0,0,0,0,0,0,0,0,0,0,0,0.0854499,0.274686,0.280606,0.243602,0.409274,0.329152,0.128041,0.128021,0.254288,0.0869923,0.0734533,0.228121,0.221951,0.11581,0,0.127712,0.04255,0.0850676,0.0850286,0.127482,0.0674492,0.0599257,0.103194,0.145063,0.112672,0.0746651,0.124546,0.167672,0.148444,0.503179,0.103569,0.340563,0.291625,0.396759,0.359898,0.292569,0.139008,0.191884,0.113055,0.110783,0.189624,0.163839,0.180713,0.0929011,0.285451,0.230024,0.239712,0.150008,0.0930897,0,0,0,0,0,53,53
56,0.000867,6.402,0,0,0,0,0,0,0,0,0,0,0,0,0,0,0,0,0,0,0,0,0.081731,0.256018,0.2943,0.476886,0.305152,0.125241,0.391102,0.131223,0.0620111,0.122372,0.051725,0.0298288,0.12226,0.0550168,0.111702,0.130886,0.0281512,0.0222408,0.0184207,0,0.0307029,0.015747,0.0693747,0.107786,0.111914,0.142099,0.112381,0.245838,0.216861,0.22728,0.0992827,0.114929,0.099876,0.165449,0.218271,0.13298,0.0770391,0.093076,0.0132403,0.00198125,0.0790989,0.078932,0.119367,0.20412,0.267091,0.282342,0.253315,0.00582664,0,0,0,0,0,53,52
57,0.000924,8.485,0,0,0,0,0,0,0,0,0,0,0,0,0,0,0,0,0,0,0,0.0865014,0.148344,0.165848,0.507287,0.389023,0.388954,0.0864191,0.215997,0.0431867,0.0636224,0.0227295,0,0.0121435,0.0309914,0.0582168,0.116189,0.0841526,0.0905992,0.0816047,0.0678957,0.0864114,0.190629,0.219822,0.0550672,0.122003,0.0802819,0.166525,0.312285,0.36752,0.307343,0.332749,0.140738,0.480108,0.193229,0.376329,0.145453,0.43005,0.0573841,0.168912,0.154214,0.089013,0.0620041,0.274571,0.124936,0.340986,0.101467,0.262303,0.141785,0.0409533,0,0,0,0,0,53,51
58,0.001041,11.021,0,0,0,0,0,0,0,0,0,0,0,0,0,0,0,0,0,0,0,0.0947234,0.197398,0.277139,0.157503,0.317846,0.226989,0.0453902,0.0907521,0.0453662,0.0668333,0.0692225,0.0574997,0.136557,0.0921463,0.198617,0.0609307,0.102348,0.171693,0.159894,0.161146,0.0646544,0.23438,0.0940346,0.289257,0.282105,0.14415,0.381479,0.276552,0.23613,0.380714,0.515318,0.623592,0.581113,0.426144,0.55647,0.344731,0.410457,0.277655,0.326477,0.253265,0.296283,0.155386,0.194264,0.212594,0.203839,0.14134,0.153656,0.192093,0.0429542,0,0,0,0,0,52,52
59,0.001559,13.261,0,0,0,0,0,0,0,0,0,0,0,0,0,0,0,0,0,0,0,0,0.138682,0.198411,0.146165,0.106583,0.136197,0.497656,0.124045,0.292943,0.08582,0.0993239,0.259697,0.169264,0.212986,0.269752,0.1258,0.0400286,0.0131016,0.135678,0.259402,0.191007,0.0295582,0.06026,0.198531,0.214564,0.279952,0.425663,0.409311,0.397502,0.373252,0.53333,0.366949,0.442723,0.356803,0.656002,0.659239,0.470672,0.354363,0.347065,0.573589,0.515412,0.314881,0.377945,0.357579,0.187651,0.300653,0.281675,0.147592,0.0858239,0.0396666,0,0,0,0,51,53
60,0.000188,7.284,0,0,0,0,0,0,0,0,0,0,0,0,0,0,0,0,0,0,0,0.0452938,0.205172,0.178051,0.332548,0.252639,0.347384,0.182801,0.188902,0.164691,0.124754,0.135381,0.0643987,0.16713,0.097805,0.098603,0,0.168403,0.131085,0.165753,0.216736,0.218912,0.0899217,0.0694965,0.159465,0.196511,0.157483,0.238001,0.240773,0.288903,0.313295,0.342296,0.11278,0.144245,0.240169,0.292911,0.182171,0.343887,0.156227,0.0544203,0.0405893,0.0319344,0.0219829,0.0402672,0,0,0.00152238,0.0383091,0,0,0,0,0,0,0,52,53
0,0,0,0.104,0.111,0.12,0.129,0.138,0.149,0.16,0.172,0.184,0.198,0.213,0.229,0.246,0.264,0.284,0.305,0.328,0.352,0.379,0.407,0.437,0.47,0.505,0.543,0.583,0.627,0.674,0.724,0.778,0.836,0.898,0.965,1.037,1.115,1.198,1.287,1.383,1.486,1.597,1.717,1.845,1.982,2.13,2.289,2.46,2.643,2.841,3.053,3.28,3.525,3.788,4.071,4.374,4.701,5.051,5.428,5.833,6.268,6.736,7.239,7.779,8.359,8.983,9.653,10.373,11.147,11.979,12.872,13.833,14.865,15.974,17.165,18.446,0,0