Tiempo (min),LWC (g/m3),Cn(P/cm3),0.104,0.111,0.12,0.129,0.138,0.149,0.16,0.172,0.184,0.198,0.213,0.229,0.246,0.264,0.284,0.305,0.328,0.352,0.379,0.407,0.437,0.47,0.505,0.543,0.583,0.627,0.674,0.724,0.778,0.836,0.898,0.965,1.037,1.115,1.198,1.287,1.383,1.486,1.597,1.717,1.845,1.982,2.13,2.289,2.46,2.643,2.841,3.053,3.28,3.525,3.788,4.071,4.374,4.701,5.051,5.428,5.833,6.268,6.736,7.239,7.779,8.359,8.983,9.653,10.373,11.147,11.979,12.872,13.833,14.865,15.974,17.165,18.446,Visibilidad (m),Visibilidad corregida (m)
1,0.075029,249.639,0,0,0,0,0,0,0,0,0,0,0,0,0,0,0,0,0,0,0.032,0.553,1.504,3.339,3.156,4.728,3.235,3.584,2.513,1.659,1.695,1.319,1.085,0.877,0.796,0.519,0.464,0.331,0.662,0.559,0.583,0.581,0.563,0.454,0.451,0.646,0.907,1.208,1.451,2.254,2.061,2.512,2.774,3.553,4.337,5.524,7.024,7.573,9.462,10.664,10.392,12.998,15.35,18.021,20.506,22.547,22.438,17.778,8.628,2.696,0.516,0.232,0.115,0.228,0,29,29
2,0.037927,162.03,0,0,0,0,0,0,0,0,0,0,0,0,0,0,0,0,0,0,0.032,0.479,1.818,2.333,2.791,3.36,2.929,2.749,1.594,1.521,1.409,1.026,0.956,0.906,0.614,0.414,0.669,0.585,0.285,0.655,0.53,0.527,0.356,0.489,0.538,0.976,0.902,1.088,1.668,2.19,2.305,2.186,2.189,3.186,3.424,3.976,3.836,5.373,7.527,7.215,8.554,9.256,9.651,10.81,11.314,12.305,11.807,6.688,2.934,0.701,0.284,0.038,0.078,0,0,29,29
3,0.046875,190.409,0,0,0,0,0,0,0,0,0,0,0,0,0,0,0,0,0,0,0,0.373,1.778,2.891,3.648,3.38,3.498,3.801,2.71,2.547,1.63,1.346,1.076,1.062,0.627,0.565,0.596,0.762,0.641,0.494,0.672,0.479,0.503,0.687,0.766,1.035,1.697,1.606,1.848,2.256,2.191,2.612,2.58,3.734,3.708,4.284,5.464,6.322,7.058,7.873,8.539,9.766,11.386,12.692,12.52,14.264,13.536,10.558,4.446,1.343,0.405,0.081,0.033,0.043,0,29,29
4,0.061505,223.111,0,0,0,0,0,0,0,0,0,0,0,0,0,0,0,0,0,0,0,0.383,1.614,3.044,4.297,4.085,3.979,2.684,2.438,1.913,1.481,1.244,1.311,0.727,0.934,0.714,0.547,0.44,0.391,0.498,0.408,0.49,0.48,0.594,0.539,0.749,0.995,0.981,1.176,1.8,1.938,1.93,2.455,3.565,5.093,4.294,6.993,8.133,9.951,11.127,12.149,12.377,12.531,13.063,16.624,17.862,18.089,14.118,7.12,1.936,0.354,0.282,0.038,0.114,0.038,29,29
5,0.031542,164.399,0,0,0,0,0,0,0,0,0,0,0,0,0,0,0,0,0,0,0,0.5051,1.5776,3.4225,3.7714,5.4028,4.4818,3.376,3.4158,2.6405,2.5059,1.5693,1.7115,1.2723,0.9301,1.1067,0.5925,0.6912,0.786,0.2678,0.521,0.519,0.5966,0.5799,0.6254,0.8171,0.7807,0.9072,1.3223,1.3781,1.9193,2.2924,3.0808,3.1832,4.015,4.286,5.2663,7.1853,8.0145,9.2275,8.158,9.0568,7.7473,7.5736,7.8252,8.88,8.7199,5.9167,3.0542,0.7446,0.0764,0.0641,0,0,0.0378,29,28
6,0.06693,223.989,0,0,0,0,0,0,0,0,0,0,0,0,0,0,0,0,0,0,0,0.377,1.191,2.728,3.249,4.186,3.939,3.216,2.497,2.043,2.191,1.874,1.919,1.784,1.601,1.511,1.427,0.679,0.728,0.648,0.467,0.615,0.443,0.441,0.593,0.681,0.848,0.858,0.858,1.173,1.357,1.22,1.694,2.042,2.711,2.952,4.168,5.251,5.957,8.569,10.076,11.579,13.935,17.111,21.319,25.37,21.506,13.628,6.383,1.545,0.363,0.296,0.192,0.002,0,29,28
7,0.048709,195.557,0,0,0,0,0,0,0,0,0,0,0,0,0,0,0,0,0,0,0.033,0.426,2.004,3.219,4.158,3.965,4.458,4.034,2.779,2.061,2.419,1.842,1.954,1.134,0.594,0.795,0.574,0.521,0.795,0.587,0.631,0.728,0.565,0.684,0.627,0.758,1.164,1.117,1.385,1.765,2.315,2.372,2.758,3.022,3.885,4.757,5.693,6.12,7.81,8.713,8.593,9.51,9.151,11.603,13.436,15.148,14.546,10.96,5.569,1.302,0.256,0.161,0.06,0.038,0,28,28
8,0.025763,161.351,0,0,0,0,0,0,0,0,0,0,0,0,0,0,0,0,0,0,0.0407,0.8356,1.5979,2.9729,3.7863,4.7084,5.1897,4.1939,4.2338,4.646,3.1519,2.3522,2.3072,2.3071,2.4569,1.9288,1.5928,0.9628,0.8931,1.1357,1.0341,0.6905,1.1632,0.9484,0.9856,1.3118,1.5634,1.8839,2.0015,3.2304,2.9714,3.2008,3.3312,3.683,4.1326,4.7804,4.2749,5.6238,7.0914,5.4213,5.7964,5.281,4.7297,4.9739,5.8849,7.065,7.4534,5.4504,2.8663,1.0118,0.1555,0.0255,0,0.0019,0.0377,28,28
9,0.042664,194.972,0,0,0,0,0,0,0,0,0,0,0,0,0,0,0,0,0,0,0,0.433,2.116,2.683,4.104,5.333,4.805,4.188,3.755,3.648,3.586,2.312,2.131,1.726,1.76,1.043,0.953,0.771,0.695,0.729,0.522,0.65,0.476,0.46,0.884,1.1,0.899,0.905,1.365,2,2.118,2.33,2.136,3.287,3.888,5.596,5.831,7.805,8.783,9.091,9.357,10.867,10.423,9.197,9.232,10.743,11.254,9.232,5.175,2.02,0.393,0.083,0.057,0.038,0,28,28
10,0.034196,159.368,0,0,0,0,0,0,0,0,0,0,0,0,0,0,0,0,0,0,0.0408,0.6193,2.1576,3.3346,4.2769,4.1825,4.0767,3.9947,3.3303,3.3203,3.1531,2.7332,2.0897,1.6165,1.838,1.1631,0.8095,0.3473,0.9298,0.4859,0.4677,0.4723,0.681,0.7463,0.5025,0.6372,1.049,0.8865,1.1004,1.4413,1.6634,1.8687,2.2724,2.4028,2.8004,3.3643,3.526,5.8711,5.8956,7.0642,6.948,7.4621,7.3248,8.1835,8.2381,8.897,9.6419,7.4319,4.1612,1.2179,0.4831,0.1277,0,0.0379,0,28,28
11,0.036933,165.873,0,0,0,0,0,0,0,0,0,0,0,0,0,0,0,0,0,0,0,0.523,2.317,3.17,5.017,4.954,4.798,4.35,3.701,3.206,2.961,2.038,2.297,1.598,1.497,1.334,0.959,0.802,0.701,0.393,0.729,0.816,0.659,0.542,0.47,0.872,0.867,1.307,1.447,1.587,1.813,1.428,2.72,2.649,3.575,3.955,4.455,5.392,4.764,5.968,5.262,7.59,7.975,7.503,8.723,9.248,11.272,8.5,4.657,2.071,0.324,0.077,0,0.039,0.001,28,29
12,0.022748,128.959,0,0,0,0,0,0,0,0,0,0,0,0,0,0,0,0,0,0,0,0.8291,2.2695,3.2803,4.6688,4.6994,3.6608,3.4991,3.1829,3.1831,2.7067,1.8087,1.3014,1.1874,0.9809,0.8353,0.9638,0.6652,0.7071,0.7032,0.55,0.7008,0.6207,0.4925,0.6574,0.9362,1.1566,1.3208,1.407,1.5782,1.8248,2.0375,2.5134,2.7978,3.1522,3.4298,4.0061,3.6651,4.8825,4.1495,4.9021,4.3862,4.9233,4.6169,5.5485,5.989,6.8238,5.1009,2.7547,0.7477,0.0522,0.0828,0.0191,0,0,28,28
13,0.049811,175.986,0,0,0,0,0,0,0,0,0,0,0,0,0,0,0,0,0,0,0.041,1,2.031,3.101,5.062,4.409,4.832,4.134,3.405,2.746,2.249,1.617,1.467,1.223,1.554,0.976,0.779,0.587,0.77,0.48,0.185,0.396,0.39,0.562,0.574,0.624,0.726,0.75,1.202,1.801,1.671,1.722,1.794,2.542,2.401,2.447,3.948,4.105,4.519,5.3,6.343,6.574,7.693,9.573,12.209,14.547,15.756,13.195,6.921,2.12,0.56,0.259,0.039,0.054,0.022,29,28
14,0.060889,191.894,0,0,0,0,0,0,0,0,0,0,0,0,0,0,0,0,0,0,0,0.675,1.668,3.422,3.978,4.719,4.673,3.359,3.069,2.481,1.883,1.567,1.406,1.263,0.932,1.232,1.105,0.675,0.512,0.609,0.567,0.396,0.385,0.419,0.364,0.731,1.293,0.963,1.219,1.482,2.113,1.648,2.074,2.108,2.482,2.103,3.166,3.764,3.978,5.504,6.218,7.704,9.499,12.826,14.704,16.77,18.231,15.662,9.92,3.068,0.79,0.284,0.191,0.038,0,28,27
15,0.042737,152.958,0,0,0,0,0,0,0,0,0,0,0,0,0,0,0,0,0,0,0.041,0.588,1.552,3.707,3.902,4.03,4.109,3.696,2.555,2.304,2.046,1.589,1.276,1.246,0.742,0.632,0.343,0.521,0.382,0.371,0.403,0.2,0.325,0.733,0.348,0.571,0.652,1.028,1.219,1.098,1.138,1.642,1.655,2.038,2.001,2.256,3.205,3.395,4.127,5.378,5.799,6.799,6.969,9.441,10.804,11.891,13.493,10.652,5.391,1.697,0.517,0.231,0.072,0.097,0.06,28,27
16,0.049082,169.416,0,0,0,0,0,0,0,0,0,0,0,0,0,0,0,0,0,0,0,0.755,1.774,2.602,3.728,3.417,3.633,2.526,2.208,2.025,1.72,1.163,0.702,0.879,0.684,0.495,0.343,0.291,0.342,0.349,0.29,0.244,0.244,0.483,0.643,0.594,0.698,0.841,1.182,1.413,1.367,1.765,1.784,2.993,2.763,3.051,3.91,4.995,4.742,6.487,7.037,8.715,10.193,10.653,12.174,14.274,15.637,11.647,6.159,2.114,0.534,0.078,0.077,0,0,27,27
17,0.042531,177.472,0,0,0,0,0,0,0,0,0,0,0,0,0,0,0,0,0,0,0,0.912,1.036,2.291,3.103,3.022,2.163,2.085,1.496,1.041,0.796,0.509,0.655,0.495,0.741,0.399,0.717,0.709,0.661,0.907,0.45,0.535,0.656,0.737,0.71,1.006,0.956,1.344,1.59,2.007,2.502,2.485,2.585,3.543,3.796,5.691,5.793,8.454,10.844,10.378,10.581,10.497,9.689,9.537,9.914,10.401,10.904,8.858,4.819,1.689,0.463,0.167,0.071,0.02,0.06,27,27
18,0.034155,150.631,0,0,0,0,0,0,0,0,0,0,0,0,0,0,0,0,0,0,0,0.4603,1.4622,2.1416,2.4413,2.466,1.6328,1.5791,1.4516,1.6014,1.0675,1.085,0.8225,0.7001,0.736,0.8483,0.3401,0.4024,0.277,0.5662,0.389,0.5704,0.592,0.8727,0.5554,0.6936,1.192,1.1346,1.6365,2.2235,2.0856,2.1885,2.7626,3.7857,4.6319,5.5094,5.8506,6.699,8.3771,8.2064,7.5156,7.8042,6.9023,7.267,8.2046,9.0628,9.3431,6.8947,3.6574,1.3023,0.4491,0.0383,0.0382,0.0535,0.0601,27,27
19,0.038487,181.342,0,0,0,0,0,0,0,0,0,0,0,0,0,0,0,0,0,0,0,0.834,1.505,2.752,3.124,3.207,2.783,2.943,2.103,2.038,1.933,0.93,1.173,1.139,0.722,0.929,0.844,0.708,0.793,0.756,0.568,0.395,0.505,0.466,0.728,0.692,1.34,1.617,1.698,2.251,2.809,3.856,4.03,5.384,5.535,6.101,7.523,8.569,9.326,8.565,8.427,9.076,8.185,7.967,9.565,9.784,11.094,8.207,4.192,1.325,0.247,0.064,0.033,0.005,0,27,27
20,0.029689,149.445,0,0,0,0,0,0,0,0,0,0,0,0,0,0,0,0,0,0,0,0.5077,1.9973,2.6391,3.1596,4.0551,2.9257,2.4731,2.1766,1.5546,2.1545,0.8817,1.2373,0.8988,0.4665,0.781,0.6341,0.7132,0.5603,0.5369,0.6122,0.5706,0.6856,0.6396,0.8844,1.0844,0.9622,1.0186,1.1893,1.5891,2.0193,2.7868,2.3988,3.6566,3.5858,5.1189,6.1715,6.1017,8.7708,7.2186,7.6688,7.4818,5.9805,7.3833,7.2836,8.3926,7.8229,5.7023,3.2779,0.6593,0.2842,0.0896,0,0,0,27,28
21,0.0305,137.147,0,0,0,0,0,0,0,0,0,0,0,0,0,0,0,0,0,0,0,0.4101,1.4026,2.0168,2.8207,3.2753,2.3567,2.4671,1.9611,1.0664,1.294,0.8283,0.4794,0.5981,0.2575,0.4366,0.5567,0.3683,0.5017,0.5672,0.3805,0.5949,0.4461,0.4236,0.4832,0.6279,0.7922,1.1042,1.2489,1.2301,1.6793,1.9096,2.0315,2.2822,2.712,3.3103,5.1361,6.0514,7.3917,8.0004,7.393,8.5217,7.7752,7.8279,8.1446,8.2143,7.3544,5.7765,2.9218,1.3921,0.3253,0,0,0,0,27,28
22,0.042896,181.932,0,0,0,0,0,0,0,0,0,0,0,0,0,0,0,0,0,0,0.032,0.71,1.909,2.988,3.74,4.544,4.542,3.385,2.308,1.975,2.041,1.747,1.297,1.228,1.274,0.5,0.537,0.733,0.419,0.73,0.762,0.565,0.831,0.713,0.798,1.016,0.956,1.11,1.431,1.906,2.087,2.455,2.776,2.93,4.639,4.652,4.92,6.235,7.716,7.986,8.478,8.829,9.452,11.832,11.653,10.68,10.98,8.952,5.154,2.186,0.51,0.104,0,0,0,28,27
23,0.042878,174.487,0,0,0,0,0,0,0,0,0,0,0,0,0,0,0,0,0,0,0.033,0.571,2.105,3.124,3.493,3.443,2.745,2.825,2.186,2.109,1.789,2.034,1.264,1.374,0.881,0.69,0.764,0.581,0.458,0.508,0.418,0.707,0.663,0.682,0.611,0.767,1.209,1.529,1.439,1.626,2.326,2.523,2.799,2.989,3.551,4.526,5.13,6.822,6.47,6.994,7.187,8.828,9.947,9.951,11.312,11.252,12.356,9.654,4.709,1.83,0.48,0.105,0.078,0.038,0,28,28
24,0.021013,124.008,0,0,0,0,0,0,0,0,0,0,0,0,0,0,0,0,0,0,0.1054,0.5167,1.6737,3.4168,4.2242,4.5904,4.5294,3.6189,3.9417,4.233,3.0728,2.0387,1.962,1.6683,0.9907,1.1767,0.6921,0.908,0.6377,0.8979,0.8556,0.4125,0.625,0.8075,0.7096,0.9134,1.0011,1.0668,1.2127,1.4717,2.0758,2.4257,2.155,3.0625,3.0372,3.2486,2.7546,4.133,4.0914,2.333,3.3565,3.7429,3.691,4.4232,4.7633,5.3134,6.3124,5.5434,2.751,0.5058,0.2533,0.0256,0,0.0379,0,27,28
25,0.064324,219.856,0,0,0,0,0,0,0,0,0,0,0,0,0,0,0,0,0,0,0,0.673,1.411,3.788,4.334,4.835,5.215,4.295,4.215,3.432,2.212,2.313,1.385,1.346,1.11,0.618,0.646,0.763,0.713,0.428,0.64,0.425,0.509,0.663,0.713,0.995,1.149,1.456,1.425,2.081,2.255,2.186,2.699,2.543,3.604,4.474,4.767,6.261,6.099,7.632,8.27,8.621,10.886,12.862,15.818,18.212,18.442,15.871,10.108,3.237,0.784,0.361,0.077,0,0,28,28
26,0.033708,169.249,0,0,0,0,0,0,0,0,0,0,0,0,0,0,0,0,0,0,0.0406,0.457,1.6322,3.5211,4.1537,3.8648,4.2593,3.6198,3.643,2.8756,2.1315,1.5138,1.6148,1.4693,0.9972,0.7442,0.7461,0.7443,0.8397,0.3635,0.8012,0.7797,1.0373,0.7389,0.7928,0.8256,1.6547,1.798,1.7127,2.6251,2.9462,3.347,3.3433,4.0597,5.0312,5.5502,6.6946,6.2627,8.1243,7.0242,5.4764,5.7085,6.9638,6.5678,8.2799,8.9469,9.6676,7.3825,4.2883,1.0731,0.3229,0.0951,0.085,0.0097,0,28,28
27,0.028919,158.844,0,0,0,0,0,0,0,0,0,0,0,0,0,0,0,0,0,0,0.0324,0.6836,2.1,2.8063,4.3207,4.7911,3.9862,3.5254,2.9615,2.8932,2.329,1.538,1.6021,1.3233,1.3082,1.1064,0.7324,0.9425,0.7969,0.8828,0.7576,1.0685,0.6574,1.4653,0.7289,1.3542,1.2658,1.5958,1.5171,2.148,2.2156,2.7328,3.5175,3.5195,4.0975,4.6747,5.9197,6.8784,8.2043,7.7404,6.2548,6.0908,6.2747,5.4824,6.3614,6.9216,7.3221,6.0165,3.6716,1.1226,0.4901,0.0767,0,0.0379,0,28,28
28,0.043645,197.04,0,0,0,0,0,0,0,0,0,0,0,0,0,0,0,0,0,0,0,0.548,2.142,4.068,4.994,5.5,4.957,3.874,3.999,3.288,2.558,2.399,2.152,1.505,1.247,1.507,0.849,1.296,0.995,0.89,0.996,0.826,0.918,0.862,0.867,1.369,1.774,2.234,2.284,3.058,3.121,3.469,4.177,4.756,4.756,5.189,6.341,7.91,8.024,7.065,5.942,6.168,7.034,7.452,8.128,10.229,12.299,10.598,6.641,2.465,0.911,0.287,0.037,0.082,0.001,28,28
29,0.033977,189.294,0,0,0,0,0,0,0,0,0,0,0,0,0,0,0,0,0,0,0,1.1992,1.852,3.2151,4.6595,4.9126,5.2293,5.1718,5.452,5.5434,4.698,3.1386,3.0451,2.8552,1.9008,1.6114,1.298,1.1772,0.9329,1.4941,1.2763,1.0668,0.8288,1.2034,1.5048,1.5428,1.611,1.8661,2.097,2.8803,3.6236,4.2172,4.3097,5.4951,5.23,5.7358,5.9481,6.9109,6.2421,5.4055,4.3209,4.4161,5.7414,6.0265,7.3328,8.5364,8.7839,7.8297,5.2312,1.9212,0.5785,0.1146,0.0419,0.0379,0,28,29
30,0.044972,182.751,0,0,0,0,0,0,0,0,0,0,0,0,0,0,0,0,0,0,0,0.516,1.839,3.258,3.84,5.01,5.643,4.108,3.981,3.136,2.594,2.074,1.725,1.275,0.892,0.591,1.176,0.545,0.91,0.73,0.438,0.403,0.661,0.68,0.731,1.39,1.475,1.549,1.822,2.188,2.071,2.829,3.222,3.178,3.017,4.169,5.102,4.437,5.24,6.757,7.162,7.959,8.374,8.93,11.451,10.989,10.962,11.553,6.779,2.521,0.596,0.213,0.058,0.002,0,28,29
31,0.046683,180.57,0,0,0,0,0,0,0,0,0,0,0,0,0,0,0,0,0,0,0.041,0.541,2.236,3.848,5.306,5.677,5.216,4.902,3.892,3.285,2.853,1.718,1.699,0.959,1.032,0.657,0.65,0.645,0.557,0.535,0.55,0.512,0.439,0.376,0.502,1.052,1.263,1.044,1.048,1.936,2.166,1.838,1.92,2.416,3.312,3.515,3.889,4.994,5.58,5.934,6.738,7.338,7.662,9.408,11.584,12.54,12.561,11.586,7.218,2.394,0.854,0.04,0.109,0.005,0,29,29
32,0.045393,192.72,0,0,0,0,0,0,0,0,0,0,0,0,0,0,0,0,0,0,0.097,0.229,2.818,3.273,4.181,4.649,4.845,4.089,4.103,2.947,2.623,2.185,1.53,1.438,1.217,0.891,0.895,0.707,0.654,0.937,0.896,0.882,0.855,0.811,0.778,1.328,1.589,1.774,1.76,2.421,2.822,3.784,4.034,4.514,4.331,5.434,6.235,6.422,7.314,6.385,6.391,6.915,7.221,8.702,10.142,10.446,11.684,11.599,7.267,2.992,0.393,0.198,0.057,0.038,0,29,29
33,0.044214,211.962,0,0,0,0,0,0,0,0,0,0,0,0,0,0,0,0,0,0,0.041,0.497,2.104,3.788,4.916,5.683,5.373,5.085,3.886,3.516,3.743,2.688,1.692,1.843,1.509,1.236,1.071,0.755,0.847,0.824,1.248,0.571,1.102,1.025,1.212,1.491,1.671,2.382,2.364,2.461,3.119,4.246,4.948,5.038,5.685,6.739,8.802,9.585,8.905,9.18,7.276,6.94,6.932,7.214,8.596,9.944,10.191,10.853,7.294,3.103,0.546,0.089,0.033,0.043,0.038,29,28
34,0.041082,180.791,0,0,0,0,0,0,0,0,0,0,0,0,0,0,0,0,0,0,0.041,0.706,1.597,3.055,3.524,4.148,3.543,2.55,2.943,1.663,1.49,1.227,1.006,0.77,0.782,1.068,0.672,0.517,0.395,0.678,0.344,0.334,0.594,0.814,0.868,0.878,1.273,1.881,1.98,2.185,2.213,2.833,3.295,4.029,4.91,5.166,6.244,7.687,9.87,9.993,8.157,9.077,8.367,9.33,10.265,9.525,9.906,7.93,5.09,2.394,0.689,0.141,0.115,0.016,0.022,29,28
35,0.041719,194.784,0,0,0,0,0,0,0,0,0,0,0,0,0,0,0,0,0,0,0,0.5068,2.2734,3.0297,3.5883,3.4132,3.8247,3.5811,2.5749,2.8526,2.0353,1.5679,1.5714,1.3847,1.0407,1.2306,0.8201,0.6045,0.7094,0.4954,0.6879,0.691,0.7703,0.8761,1.0734,1.3045,1.6077,2.0464,2.5017,3.2945,3.5126,3.9731,3.8043,4.6446,5.5059,6.4183,6.8651,9.0182,9.2015,9.5509,8.6721,8.6799,8.0505,9.9885,9.3063,9.3477,9.5147,7.1152,5.0915,3.0406,1.0771,0.2948,0.0722,0.0807,0,28,29
36,0.034969,165.47,0,0,0,0,0,0,0,0,0,0,0,0,0,0,0,0,0,0,0.0323,0.5587,1.6613,2.7829,4.9068,4.3789,3.8407,3.5317,3.3989,2.6144,3.1893,2.3426,1.8864,1.3908,1.81,0.78,0.7302,0.5611,0.7067,0.8116,0.8224,0.7562,0.7793,0.6289,0.8816,1.0055,1.3224,0.9962,1.4472,1.5425,2.6623,2.1664,2.3944,2.9077,3.5476,4.6882,5.0274,5.1347,4.9346,7.5352,7.6463,8.3572,8.6254,8.4537,8.7666,9.0968,7.8798,6.4114,4.5575,1.6206,0.6676,0.1021,0.1141,0.031,0.0445,28,29
37,0.047336,191.327,0,0,0,0,0,0,0,0,0,0,0,0,0,0,0,0,0,0,0,0.709,1.617,2.982,4.501,3.977,3.948,3.171,2.581,1.847,1.64,1.15,1.037,0.738,0.919,0.493,0.697,0.427,0.57,0.626,0.702,0.567,0.44,0.619,0.466,0.958,0.867,1.26,1.739,1.828,2.012,1.977,2.705,3.193,3.513,4.853,5.399,7.062,9.867,10.378,11.027,11.484,11.352,10.727,12.644,10.537,10.246,8.502,6.247,3.413,0.766,0.174,0.13,0.02,0.022,29,29
38,0.037533,179.575,0,0,0,0,0,0,0,0,0,0,0,0,0,0,0,0,0,0,0,0.702,1.989,2.684,3.963,5.785,4.96,4.715,4.717,3.867,3.363,2.663,2.101,2.28,1.713,1.013,0.773,0.836,0.672,0.66,0.611,0.732,0.597,0.683,0.915,0.865,1.429,1.408,1.435,2.523,2.561,3.217,3.04,3.725,4.004,4.398,4.219,5.212,7.03,6.625,6.945,7.208,7.862,9.222,9.782,10.138,9.4,6.76,4.563,1.779,0.76,0.205,0.067,0.176,0.022,29,29
39,0.068269,244.31,0,0,0,0,0,0,0,0,0,0,0,0,0,0,0,0,0,0,0.041,0.593,1.537,2.88,3.817,4.54,4.298,4.646,3.625,3.246,3.1,2.635,2.627,1.893,1.576,1.656,1.266,0.797,0.801,0.762,0.637,0.698,0.593,0.507,0.797,0.754,1.042,1.026,1.354,2.11,2.003,2.188,2.198,3.543,3.854,3.865,5.277,5.534,8.906,12.013,10.891,13.21,14.203,16.926,17.852,19.311,19.188,14.496,8.125,3.297,1.078,0.212,0.162,0.025,0.098,29,29
40,0.017852,128.028,0,0,0,0,0,0,0,0,0,0,0,0,0,0,0,0,0,0,0.0322,0.6768,1.9597,2.7332,4.1905,3.6507,3.2193,2.5101,2.5998,1.9047,2.3322,1.9996,1.4934,1.4927,1.2874,0.8838,0.822,0.7882,0.7999,0.8337,0.9581,0.6345,1.1169,0.6665,0.9325,1.3936,1.4789,1.2088,1.5373,2.3096,2.7297,3.073,3.6227,3.9508,5.0281,4.3752,4.4109,5.5932,5.2216,5.1374,4.8405,4.5451,3.9366,4.9139,3.9448,4.3438,3.8626,3.6064,1.7252,0.6228,0.0974,0,0,0,0,29,29
41,0.028002,156.477,0,0,0,0,0,0,0,0,0,0,0,0,0,0,0,0,0,0,0,0.5202,2.0537,2.9181,3.7129,4.5892,4.2242,3.7319,3.114,3.1344,3.0149,2.5574,2.2984,2.2793,1.6535,2.1987,1.6471,1.3209,1.6175,1.2516,0.8254,0.7872,0.8634,0.8913,0.9686,0.921,1.3612,1.4112,1.3858,1.7897,1.9828,2.0233,2.5761,2.4959,3.2812,4.1066,5.0131,5.026,5.8272,6.2187,6.9732,6.25,6.947,6.6487,7.7307,7.6462,6.6277,5.5122,3.0492,0.9722,0.4243,0.0638,0.0331,0.0049,0,29,29
42,0.050333,201.279,0,0,0,0,0,0,0,0,0,0,0,0,0,0,0,0,0,0,0.041,0.636,1.888,3.312,4.655,4.766,4.846,4.22,3.144,3.37,2.955,1.857,1.831,1.667,1.14,0.998,0.751,0.689,0.927,0.785,0.63,0.599,0.625,0.652,0.849,0.839,1.113,1.218,1.328,1.91,2.051,2.236,1.978,3.533,4.126,4.191,4.422,5.923,6.941,7.324,8.268,9.265,11.242,13.08,15.502,15.165,12.329,10.298,5.824,2.167,0.83,0.229,0.077,0.038,0,29,29
43,0.035036,170.965,0,0,0,0,0,0,0,0,0,0,0,0,0,0,0,0,0,0,0,0.578,1.85,3.552,3.941,3.885,4.486,3.894,3.973,2.906,2.158,2.373,1.892,1.98,0.98,1.332,0.936,0.683,0.742,0.904,0.64,0.832,0.768,0.852,0.895,1.053,1.102,2.003,2.203,2.237,2.995,2.722,3.003,4.079,4.319,4.917,5.059,6.149,5.21,5.841,5.427,7.568,8.195,7.036,9.372,9.501,10.199,8.203,4.248,0.904,0.239,0.076,0.033,0.042,0,29,30
44,0.035507,194.256,0,0,0,0,0,0,0,0,0,0,0,0,0,0,0,0,0,0,0,0.602,2.218,3.284,5.0818,5.1556,4.7691,4.6353,3.9783,3.7325,3.5509,2.513,2.684,2.1899,1.7066,1.5027,1.3755,1.6159,1.3788,1.4288,0.7796,1.0674,0.8905,1.3332,1.1941,1.4533,1.4093,1.9444,2.3708,3.0552,3.0392,2.9637,3.5962,4.6785,4.6054,5.7444,6.2236,6.9625,7.334,7.8672,7.3624,7.5606,7.6726,8.1094,9.6087,9.9787,8.6098,7.4747,4.3322,1.2964,0.2965,0.0383,0,0,0,29,30
45,0.031804,165.804,0,0,0,0,0,0,0,0,0,0,0,0,0,0,0,0,0,0,0,0.3919,1.6456,2.8468,3.1552,3.9627,3.8254,3.6181,3.4691,3.6469,2.8497,2.8349,2.5854,2.0391,1.5216,1.3545,0.8194,0.77,0.7875,0.4559,0.7333,0.8782,0.7366,0.7544,0.6588,0.6457,1.0234,1.1198,1.7289,1.4051,1.7038,2.6017,2.9594,3.4258,4.1271,5.1065,5.6022,6.6537,7.045,7.5852,7.4265,8.0072,8.4134,7.3737,8.627,7.9053,7.9669,5.5555,3.6939,1.2191,0.401,0.0829,0.0192,0.038,0,30,30
46,0.029175,167.395,0,0,0,0,0,0,0,0,0,0,0,0,0,0,0,0,0,0,0.0324,0.6759,1.9996,3.1882,4.7705,4.4537,4.5232,4.3984,3.0904,2.4142,2.4186,1.8905,1.4297,1.0447,1.0014,0.933,0.7928,0.7855,0.7269,0.5858,0.8019,0.8268,0.4848,0.9178,1.0402,0.8611,1.2,1.6849,1.552,1.7627,2.4404,2.7306,3.1117,3.6767,4.6696,5.4281,6.326,8.7359,8.7467,9.0555,7.9989,8.567,7.4044,5.9176,7.109,6.3265,6.5647,5.1977,3.3553,1.2674,0.4268,0.0512,0,0,0,30,30
47,0.018861,154.807,0,0,0,0,0,0,0,0,0,0,0,0,0,0,0,0,0,0,0.0322,0.513,1.5844,2.802,3.9975,5.2755,4.3906,4.0957,4.3203,3.3222,3.5523,3.1632,2.8615,2.3342,1.8793,1.5654,1.2531,0.9168,1.1582,0.8123,0.6659,0.7876,0.8584,0.5958,0.7928,1.1015,1.3632,1.436,1.8384,2.0004,3.4311,3.2863,3.6412,4.467,4.6641,5.1676,6.03,7.6094,7.6995,7.7647,6.2001,5.3451,6.151,5.1151,4.4041,4.1926,3.5547,2.8455,1.0617,0.5983,0.1691,0.1398,0,0,0,30,31
48,0.029215,153.992,0,0,0,0,0,0,0,0,0,0,0,0,0,0,0,0,0,0,0.0407,0.4141,1.6514,3.2343,4.1744,4.233,4.5891,4.098,3.3986,2.9825,2.5958,1.8088,1.5388,1.7952,0.9699,0.9569,0.6562,0.7823,0.6449,0.5334,0.5664,0.527,0.6546,0.4406,0.6912,1.012,0.9981,0.9958,1.136,1.4409,1.4867,2.2607,2.2783,2.7247,2.7682,3.7322,4.5577,5.6137,6.4272,6.711,7.8774,8.3418,8.4294,8.4806,9.0344,7.9245,7.226,4.7487,2.6245,0.7703,0.2706,0.14,0,0,0.0019,30,30
49,0.032147,147.459,0,0,0,0,0,0,0,0,0,0,0,0,0,0,0,0,0,0,0,0.5941,1.4417,2.9808,3.4722,3.7494,3.2537,2.5136,2.16,1.8909,1.5869,1.3979,0.639,0.5597,0.749,0.697,0.4214,0.6776,0.4731,0.5132,0.3695,0.5158,0.5363,0.6171,0.4665,0.7882,1.0189,1.1853,1.1249,1.7913,1.9334,2.1071,2.2505,3.3324,3.0968,3.5298,4.8138,5.6842,6.8118,6.9865,7.1896,7.653,7.8629,8.6088,8.6161,9.4848,8.6194,6.2483,2.8555,1.2528,0.2227,0.0571,0.0191,0.0378,0,31,30
50,0.024893,115.029,0,0,0,0,0,0,0,0,0,0,0,0,0,0,0,0,0,0,0.0408,0.5779,1.7707,2.2667,3.1428,3.3079,3.0362,2.3411,1.7113,1.3641,1.299,0.9369,0.8843,0.5706,0.7175,0.6298,0.2153,0.4813,0.5018,0.3276,0.296,0.3891,0.1144,0.197,0.398,0.6834,0.8625,0.9443,0.9885,1.1634,1.2852,1.3156,1.1322,1.6503,1.9678,2.1147,2.8295,3.1173,5.0879,6.206,5.8283,6.7216,6.7864,7.413,8.1422,6.9917,6.8835,4.627,1.8797,0.6915,0.1962,0.0013,0,0,0,30,30
51,0.032501,154.899,0,0,0,0,0,0,0,0,0,0,0,0,0,0,0,0,0,0,0.032,0.34,1.928,3.037,2.887,3.531,3.145,2.712,2.575,2.332,2.551,1.938,1.381,1.965,2.029,1.628,1.479,1.201,1.158,1.284,0.858,0.906,0.944,0.662,0.74,0.71,0.701,0.88,1.27,1.854,1.72,1.996,2.025,2.569,2.566,3.108,3.952,4.557,5.212,6.736,6.165,8.531,8.539,9.388,10.108,11.105,8.27,5.32,3.004,0.921,0.258,0.152,0.038,0,0,30,29
52,0.041569,179.499,0,0,0,0,0,0,0,0,0,0,0,0,0,0,0,0,0,0,0,0.575,1.385,2.739,3.051,3.072,2.648,2.376,2.149,1.767,1.383,1.167,1.583,1.602,1.419,0.914,0.894,0.889,0.874,1.131,0.798,0.801,0.838,0.625,0.849,1.008,1.158,1.181,1.701,1.693,2.406,2.399,2.19,3.479,3.63,3.687,4.437,5.974,7.216,8.51,8.825,10.803,11.556,12.719,13.564,12.709,10.555,7.626,3.541,0.963,0.248,0.038,0.076,0.055,0.022,30,30
53,0.038689,190.069,0,0,0,0,0,0,0,0,0,0,0,0,0,0,0,0,0,0,0.032,0.383,1.37,2.068,2.378,2.994,2.379,2.046,1.674,2.154,1.384,1.356,1.389,0.945,1.062,1.014,0.67,0.758,0.476,0.695,0.406,0.749,0.483,0.756,0.728,1.061,1.151,1.245,1.696,2.524,2.569,2.929,3.434,3.612,4.598,6.176,9.068,9.885,11.591,11.591,12.243,11.709,11.008,11.897,11.251,9.026,8.527,5.566,3.477,1.353,0.495,0.038,0,0,0,29,30
54,0.03318,154.422,0,0,0,0,0,0,0,0,0,0,0,0,0,0,0,0,0,0,0.032,0.466,1.688,1.619,2.077,2.568,2.32,2.103,1.855,1.909,1.77,1.088,1.065,1.163,0.994,0.779,0.895,0.491,0.328,0.381,0.262,0.14,0.294,0.461,0.535,0.621,0.68,0.822,1.003,1.371,1.751,2.058,1.762,2.824,4.126,3.866,4.063,6.842,8.113,8.628,10.26,10.542,11.172,10.284,10.134,10.357,8.077,4.278,2.378,0.889,0.095,0.121,0.019,0,0,30,30
55,0.028134,200.008,0,0,0,0,0,0,0,0,0,0,0,0,0,0,0,0,0,0,0,0.545,1.312,2.632,3.143,2.622,2.72,2.118,2.097,1.304,1.257,1.529,1.393,0.963,0.891,1.141,1.152,0.755,1.375,0.873,1.006,1.26,1.011,1.275,1.491,2.138,2.901,2.873,3.361,4.128,5.611,6.245,6.695,8.046,8.277,10.418,11.295,11.571,11.564,10.379,9.457,8.465,7.29,7.79,6.584,6.513,5.239,4.603,2.003,0.517,0.141,0,0,0.038,0,30,32
56,0.028026,201.59,0,0,0,0,0,0,0,0,0,0,0,0,0,0,0,0,0,0,0,0.496,1.654,2.823,3.453,3.932,3.251,3.13,2.031,1.534,1.671,1.079,0.976,1.149,0.847,1.008,0.753,0.942,0.893,1.078,1.075,1.202,1.428,1.095,1.592,2.073,1.698,2.808,3.17,3.753,4.688,5.543,6.562,8.233,9.223,11.065,12.333,12.042,12.357,10.753,8.63,7.279,6.22,7.022,7.54,7.061,5.47,4.483,1.801,0.526,0.087,0,0.071,0.005,0,30,32
57,0.042857,188.669,0,0,0,0,0,0,0,0,0,0,0,0,0,0,0,0,0,0,0,0.684,1.882,3.409,4.714,4.991,4.481,3.763,2.319,2.456,2.166,1.778,1.253,1.221,0.844,0.623,0.549,0.962,0.602,0.592,0.502,0.397,0.602,0.63,0.487,0.756,0.868,1.141,1.934,1.655,2.01,2.661,2.638,3.207,3.888,3.979,5.39,6.909,8.191,8.986,8.746,8.867,10.205,11.875,13.31,13.501,13.232,7.849,3.478,1.094,0.251,0.065,0.041,0.038,0,32,31
58,0.031843,158.331,0,0,0,0,0,0,0,0,0,0,0,0,0,0,0,0,0,0,0,0.5803,1.5718,2.4567,4.2763,3.9185,3.9563,3.2394,2.3763,2.3116,1.2939,1.2792,1.2583,1.0663,0.8165,0.4678,0.612,0.4778,0.5147,0.6602,0.7339,0.8597,0.8502,0.6404,0.7774,1.1415,1.3402,1.5703,2.1779,2.2762,3.177,2.8954,3.3308,3.5619,4.3919,4.3956,5.0041,6.1561,6.6705,6.4091,6.6359,6.1807,7.5263,8.5209,9.0873,8.8663,9.0538,6.9209,3.0972,0.7654,0.1821,0,0,0,0,32,31
59,0.017763,114.882,0,0,0,0,0,0,0,0,0,0,0,0,0,0,0,0,0,0,0.0322,0.5165,2.0163,2.7132,3.7039,3.4655,3.4663,2.156,1.7964,2.2483,1.6821,0.7069,1.1129,0.902,1.0825,0.8295,0.7846,0.6355,0.5359,0.3305,0.4987,0.5731,0.5838,0.6167,0.5171,0.7335,1.1852,0.8069,1.1066,1.5345,2.0064,1.6577,2.0673,2.154,3.3772,4.2126,4.7249,4.5592,5.6547,5.5068,6.252,5.7737,3.916,4.9752,4.8949,5.2856,4.7637,2.918,1.1361,0.1523,0.0208,0,0,0,0,31,32
60,0.029681,175.747,0,0,0,0,0,0,0,0,0,0,0,0,0,0,0,0,0,0,0,0.5384,2.2358,3.6092,3.7052,5.1545,4.0872,3.1231,2.5666,2.0491,2.1645,1.3436,1.1669,1.301,1.134,0.6462,1.1561,0.7724,0.9313,0.8901,0.8629,1.0506,1.3472,1.102,1.5787,1.7324,2.3206,2.2895,2.6554,2.6032,3.4666,4.4595,4.6149,5.3255,5.914,6.1224,7.444,6.905,7.671,7.1026,6.8004,6.9947,6.705,7.4067,7.2165,7.635,8.0373,5.8478,3.022,0.5684,0.2168,0.0769,0,0.076,0,31,31
PROMEDIO,0.038821667,175.30875,0,0,0,0,0,0,0,0,0,0,0,0,0,0,0,0,0,0,0.019078333,0.578321667,1.799583333,2.997031667,3.873106667,4.210061667,3.94549,3.440806667,2.956353333,2.588365,2.285505,1.753398333,1.55449,1.36016,1.139811667,0.972156667,0.824315,0.724436667,0.71788,0.698288333,0.644518333,0.64917,0.67109,0.706498333,0.767665,0.99464,1.208888333,1.377655,1.61753,2.038166667,2.368941667,2.642718333,2.90707,3.550098333,4.048311667,4.658743333,5.462896667,6.423591667,7.294715,7.632496667,7.588435,8.130728333,8.397165,9.098263333,10.066525,10.58565833,10.4681,8.172296667,4.523001667,1.551808333,0.419276667,0.116153333,0.046265,0.031035,0.0098,28.83333333,28.91666667
